report_id,file_id,report_date,report_code,broker,analyst,tw_ticker,tw_yfinance_ticker,tw_bloomberg_ticker,company_name,rating,target_price,last_adj_close,last_data_date,yf_consensus_tp_low,yf_consensus_tp_mean,yf_consensus_tp_median,yf_consensus_tp_high,yf_rating_breakdown,yf_analyst_count_breakdown,validation_status,source_path,source_stage,ingested_at,record_hash
cceb3df2d6c7c6527e0d,144913c917d9,2025-08-19,,兆豐,,6873,,6873 TT,,買進,,,,,,,,,,STAGE_READY,C:\Users\tonyk\Downloads\VeritasIntelligenceAnalytics\dict\VDF\_active\VRN_BROKER_BACKFILL_GATE_v029VRN1C41_20260615_131852\stage_parquet\VRN_ReportBasicInfo_StageFixed_v029VRN1C41.parquet,VRN_ACTIVE_POINTER_BASICINFO,2026-06-15T15:18:32.033252,dba4e059c19e751cb6289ab4ac6ac0714601bdb8
a24afc5f1a6ad01f354e,e337b0a2e05d,2025-08-22,,國泰,,3706,,3706 TT,,買進,,,,,,,,,,STAGE_READY,C:\Users\tonyk\Downloads\VeritasIntelligenceAnalytics\dict\VDF\_active\VRN_BROKER_BACKFILL_GATE_v029VRN1C41_20260615_131852\stage_parquet\VRN_ReportBasicInfo_StageFixed_v029VRN1C41.parquet,VRN_ACTIVE_POINTER_BASICINFO,2026-06-15T15:18:32.033252,5940bd23ac24b1ce0bd9c81e68f08f4710e312b3
a130c5195b6ffeb9f7a6,fc9e9d1ffdf9,2025-11-28,,兆豐,,3706,,3706 TT,,買進,,,,,,,,,,STAGE_READY,C:\Users\tonyk\Downloads\VeritasIntelligenceAnalytics\dict\VDF\_active\VRN_BROKER_BACKFILL_GATE_v029VRN1C41_20260615_131852\stage_parquet\VRN_ReportBasicInfo_StageFixed_v029VRN1C41.parquet,VRN_ACTIVE_POINTER_BASICINFO,2026-06-15T15:18:32.033252,ac17f553729dd627b8ced8d5d948d692afbce289
28b0fda0a7e21a1da7b6,dc367a89b6fb,2026-05-19,,兆豐,,4771,,4771 TT,,買進,,,,,,,,,,STAGE_READY,C:\Users\tonyk\Downloads\VeritasIntelligenceAnalytics\dict\VDF\_active\VRN_BROKER_BACKFILL_GATE_v029VRN1C41_20260615_131852\stage_parquet\VRN_ReportBasicInfo_StageFixed_v029VRN1C41.parquet,VRN_ACTIVE_POINTER_BASICINFO,2026-06-15T15:18:32.033252,756a79d8221163b08956a65c185caed4e03b4efe
d7ae43544da11d894a9f,482e52f26cf4,,,,,6933,,6933 TT,,,,,,,,,,,,STAGE_READY,C:\Users\tonyk\Downloads\VeritasIntelligenceAnalytics\dict\VDF\_active\VRN_BROKER_BACKFILL_GATE_v029VRN1C41_20260615_131852\stage_parquet\VRN_ReportBasicInfo_StageFixed_v029VRN1C41.parquet,VRN_ACTIVE_POINTER_BASICINFO,2026-06-15T15:18:32.033252,d38290e538f6bbb12c78b64bc5a40b0824062f3a
92b9363d406e864b48e7,8578b17590da,2026-05-19,,凱基,,3665,,3665 TT,,持有,,,,,,,,,,STAGE_READY,C:\Users\tonyk\Downloads\VeritasIntelligenceAnalytics\dict\VDF\_active\VRN_BROKER_BACKFILL_GATE_v029VRN1C41_20260615_131852\stage_parquet\VRN_ReportBasicInfo_StageFixed_v029VRN1C41.parquet,VRN_ACTIVE_POINTER_BASICINFO,2026-06-15T15:18:32.033252,3321b448d219be3b7e6bf493dc71b7bf75d119c9
30e480b70e348daa9432,a647dd1af7a3,2025-12-04,,兆豐,,6768,,6768 TT,,買進,,,,,,,,,,STAGE_READY,C:\Users\tonyk\Downloads\VeritasIntelligenceAnalytics\dict\VDF\_active\VRN_BROKER_BACKFILL_GATE_v029VRN1C41_20260615_131852\stage_parquet\VRN_ReportBasicInfo_StageFixed_v029VRN1C41.parquet,VRN_ACTIVE_POINTER_BASICINFO,2026-06-15T15:18:32.033252,1433f8b7750c2688b23e00bef97c612dd5d6701e
a6e27b3a18751aea1bdd,b94683a9c9e6,2023-10-05,,國泰,,3014,,3014 TT,,買進,,,,,,,,,,STAGE_READY,C:\Users\tonyk\Downloads\VeritasIntelligenceAnalytics\dict\VDF\_active\VRN_BROKER_BACKFILL_GATE_v029VRN1C41_20260615_131852\stage_parquet\VRN_ReportBasicInfo_StageFixed_v029VRN1C41.parquet,VRN_ACTIVE_POINTER_BASICINFO,2026-06-15T15:18:32.033252,a19a1169068cf1e5891cc43ff898f4e869736c57
9894813599507dd241d5,2ffbf03c7485,2026-05-19,,凱基,,6147,,6147 TT,,持有,,,,,,,,,,STAGE_READY,C:\Users\tonyk\Downloads\VeritasIntelligenceAnalytics\dict\VDF\_active\VRN_BROKER_BACKFILL_GATE_v029VRN1C41_20260615_131852\stage_parquet\VRN_ReportBasicInfo_StageFixed_v029VRN1C41.parquet,VRN_ACTIVE_POINTER_BASICINFO,2026-06-15T15:18:32.033252,04bd81d4445076b2e3a2e5f484322e223875e7e7
1daa5fcefc40b182d816,9db99ee86da3,2025-12-01,,華南,,2026,,2026 TT,,,,,,,,,,,,STAGE_READY,C:\Users\tonyk\Downloads\VeritasIntelligenceAnalytics\dict\VDF\_active\VRN_BROKER_BACKFILL_GATE_v029VRN1C41_20260615_131852\stage_parquet\VRN_ReportBasicInfo_StageFixed_v029VRN1C41.parquet,VRN_ACTIVE_POINTER_BASICINFO,2026-06-15T15:18:32.033252,bece038878d32ec2a6808f1ca34dbf908438e852
777c5e910776a7e490fd,aaf37d8b44ad,2026-05-19,,凱基,,1476,,1476 TT,,持有,,,,,,,,,,STAGE_READY,C:\Users\tonyk\Downloads\VeritasIntelligenceAnalytics\dict\VDF\_active\VRN_BROKER_BACKFILL_GATE_v029VRN1C41_20260615_131852\stage_parquet\VRN_ReportBasicInfo_StageFixed_v029VRN1C41.parquet,VRN_ACTIVE_POINTER_BASICINFO,2026-06-15T15:18:32.033252,0c76307b699875e9bf9770e5f1e3f09df4447142
a10dee2c19e76baa8a74,513089807e2e,2026-05-19,,凱基,,2891,,2891 TT,,持有,,,,,,,,,,STAGE_READY,C:\Users\tonyk\Downloads\VeritasIntelligenceAnalytics\dict\VDF\_active\VRN_BROKER_BACKFILL_GATE_v029VRN1C41_20260615_131852\stage_parquet\VRN_ReportBasicInfo_StageFixed_v029VRN1C41.parquet,VRN_ACTIVE_POINTER_BASICINFO,2026-06-15T15:18:32.033252,5528601ef3cc10e8a4f7f89c689e5f9440f07ade
554ea65c566949dfdada,d04a4946c88f,2023-10-11,,GS,,1319,,1319 TT,,Buy,,,,,,,,,,STAGE_READY,C:\Users\tonyk\Downloads\VeritasIntelligenceAnalytics\dict\VDF\_active\VRN_BROKER_BACKFILL_GATE_v029VRN1C41_20260615_131852\stage_parquet\VRN_ReportBasicInfo_StageFixed_v029VRN1C41.parquet,VRN_ACTIVE_POINTER_BASICINFO,2026-06-15T15:18:32.033252,b05a81f2326ff3c14cffe15839f6446bceb8c532
d64d76afb0323552e819,a9762ff02efe,2025-12-08,,GS,,4171,,4171 TT,,,,,,,,,,,,STAGE_READY,C:\Users\tonyk\Downloads\VeritasIntelligenceAnalytics\dict\VDF\_active\VRN_BROKER_BACKFILL_GATE_v029VRN1C41_20260615_131852\stage_parquet\VRN_ReportBasicInfo_StageFixed_v029VRN1C41.parquet,VRN_ACTIVE_POINTER_BASICINFO,2026-06-15T15:18:32.033252,51ad63980ea04603981dc8d73ed11fb65847911b
89b80fd0fa8e87320071,bec2e8821841,2025-09-12,,華南,,2606,,2606 TT,,買進,,,,,,,,,,STAGE_READY,C:\Users\tonyk\Downloads\VeritasIntelligenceAnalytics\dict\VDF\_active\VRN_BROKER_BACKFILL_GATE_v029VRN1C41_20260615_131852\stage_parquet\VRN_ReportBasicInfo_StageFixed_v029VRN1C41.parquet,VRN_ACTIVE_POINTER_BASICINFO,2026-06-15T15:18:32.033252,461f06af0bec244b464d4ae2b1ac17a7022125ab
1f2211a1125e1b5657f4,7f6338fb959d,2025-11-13,,華南,,3017,,3017 TT,,買進,,,,,,,,,,STAGE_READY,C:\Users\tonyk\Downloads\VeritasIntelligenceAnalytics\dict\VDF\_active\VRN_BROKER_BACKFILL_GATE_v029VRN1C41_20260615_131852\stage_parquet\VRN_ReportBasicInfo_StageFixed_v029VRN1C41.parquet,VRN_ACTIVE_POINTER_BASICINFO,2026-06-15T15:18:32.033252,0b193ab6c5e78f6fcf1b8b6b80a5458a66f2168c
8e477756039cf9b6e5e3,e6270450a0cb,2025-12-06,,,,6533,,6533 TT,,Neutral,,,,,,,,,,STAGE_READY,C:\Users\tonyk\Downloads\VeritasIntelligenceAnalytics\dict\VDF\_active\VRN_BROKER_BACKFILL_GATE_v029VRN1C41_20260615_131852\stage_parquet\VRN_ReportBasicInfo_StageFixed_v029VRN1C41.parquet,VRN_ACTIVE_POINTER_BASICINFO,2026-06-15T15:18:32.033252,7ece8294c14e49e294e8d6d0cac444c0ca2d24c9
ccb00640a6a53d9fb8b1,0e3a7ffea317,2025-06-04,,Citi,,3231,,3231 TT,,Buy,,,,,,,,,,STAGE_READY,C:\Users\tonyk\Downloads\VeritasIntelligenceAnalytics\dict\VDF\_active\VRN_BROKER_BACKFILL_GATE_v029VRN1C41_20260615_131852\stage_parquet\VRN_ReportBasicInfo_StageFixed_v029VRN1C41.parquet,VRN_ACTIVE_POINTER_BASICINFO,2026-06-15T15:18:32.033252,3de4e3d1647c7ff1920ba5664306c650f7541459
06550af2955f9f8bc75c,cd1804f88763,2025-08-14,,華南,,2637,,2637 TT,,買進,,,,,,,,,,STAGE_READY,C:\Users\tonyk\Downloads\VeritasIntelligenceAnalytics\dict\VDF\_active\VRN_BROKER_BACKFILL_GATE_v029VRN1C41_20260615_131852\stage_parquet\VRN_ReportBasicInfo_StageFixed_v029VRN1C41.parquet,VRN_ACTIVE_POINTER_BASICINFO,2026-06-15T15:18:32.033252,639a291d6f8966879d8fc72a729f4486b779cc1f
3355259cd171f7c7047a,c8bcf1de430d,2023-10-12,,Goldman,,1590,,1590 TT,,Buy,,,,,,,,,,STAGE_READY,C:\Users\tonyk\Downloads\VeritasIntelligenceAnalytics\dict\VDF\_active\VRN_BROKER_BACKFILL_GATE_v029VRN1C41_20260615_131852\stage_parquet\VRN_ReportBasicInfo_StageFixed_v029VRN1C41.parquet,VRN_ACTIVE_POINTER_BASICINFO,2026-06-15T15:18:32.033252,93c68dddcab7f08acc5cf019588e8ce3209a6fe8
f8ccd1853d7838afaebb,9015d064e179,2025-11-30,,Goldman,,3706,,3706 TT,,Buy,,,,,,,,,,STAGE_READY,C:\Users\tonyk\Downloads\VeritasIntelligenceAnalytics\dict\VDF\_active\VRN_BROKER_BACKFILL_GATE_v029VRN1C41_20260615_131852\stage_parquet\VRN_ReportBasicInfo_StageFixed_v029VRN1C41.parquet,VRN_ACTIVE_POINTER_BASICINFO,2026-06-15T15:18:32.033252,41066aa581da10b3eb774242daefd4f21d622920
6b189a8a6b7a9e17d7fd,8bc5fab0f44d,2025-12-03,,Goldman,,1590,,1590 TT,,,,,,,,,,,,STAGE_READY,C:\Users\tonyk\Downloads\VeritasIntelligenceAnalytics\dict\VDF\_active\VRN_BROKER_BACKFILL_GATE_v029VRN1C41_20260615_131852\stage_parquet\VRN_ReportBasicInfo_StageFixed_v029VRN1C41.parquet,VRN_ACTIVE_POINTER_BASICINFO,2026-06-15T15:18:32.033252,1b9867d7abb2cfed204ea6e19248a67e1be41600
130ca4a306c5f1db41c0,1ce8f7a19d5b,2025-09-09,,華南,,6143,,6143 TT,,買進,,,,,,,,,,STAGE_READY,C:\Users\tonyk\Downloads\VeritasIntelligenceAnalytics\dict\VDF\_active\VRN_BROKER_BACKFILL_GATE_v029VRN1C41_20260615_131852\stage_parquet\VRN_ReportBasicInfo_StageFixed_v029VRN1C41.parquet,VRN_ACTIVE_POINTER_BASICINFO,2026-06-15T15:18:32.033252,0dda0c2b6fd9844f54fa03184fee4bc25b16d6b8
fd275d0ab739c69c004e,73c0ed880dcd,2025-10-02,,GS,,3653,,3653 TT,,Hold,,,,,,,,,,STAGE_READY,C:\Users\tonyk\Downloads\VeritasIntelligenceAnalytics\dict\VDF\_active\VRN_BROKER_BACKFILL_GATE_v029VRN1C41_20260615_131852\stage_parquet\VRN_ReportBasicInfo_StageFixed_v029VRN1C41.parquet,VRN_ACTIVE_POINTER_BASICINFO,2026-06-15T15:18:32.033252,b0d52765f15322b0f6412bf2e2ba91bd7edaf5b6
6a9cf41a8d056e156886,002075ad1390,2025-12-05,,Goldman,,2317,,2317 TT,,Buy,,,,,,,,,,STAGE_READY,C:\Users\tonyk\Downloads\VeritasIntelligenceAnalytics\dict\VDF\_active\VRN_BROKER_BACKFILL_GATE_v029VRN1C41_20260615_131852\stage_parquet\VRN_ReportBasicInfo_StageFixed_v029VRN1C41.parquet,VRN_ACTIVE_POINTER_BASICINFO,2026-06-15T15:18:32.033252,7da0e36157fc0d30cf17d3cba17a596218df1a7e
798dcbafef5cabe10920,6ad043d05d31,2026-05-19,,Goldman,,2383,,2383 TT,,Buy,,,,,,,,,,STAGE_READY,C:\Users\tonyk\Downloads\VeritasIntelligenceAnalytics\dict\VDF\_active\VRN_BROKER_BACKFILL_GATE_v029VRN1C41_20260615_131852\stage_parquet\VRN_ReportBasicInfo_StageFixed_v029VRN1C41.parquet,VRN_ACTIVE_POINTER_BASICINFO,2026-06-15T15:18:32.033252,94f3b0bdf0b34a0f8034c3565214a3b69b4f55c3
3794cb576cc583cadcc8,c0e1841bbcfd,2026-05-21,,Daiwa,,6278,,6278 TT,,Hold,,,,,,,,,,STAGE_READY,C:\Users\tonyk\Downloads\VeritasIntelligenceAnalytics\dict\VDF\_active\VRN_BROKER_BACKFILL_GATE_v029VRN1C41_20260615_131852\stage_parquet\VRN_ReportBasicInfo_StageFixed_v029VRN1C41.parquet,VRN_ACTIVE_POINTER_BASICINFO,2026-06-15T15:18:32.033252,458be181b2afede3d63f35545cdbdc4f164a7e95
25768dac74f8efdaf554,012d1f99030a,2025-10-07,,Morgan Stanley,,6669,,6669 TT,,Equal-weight,,,,,,,,,,STAGE_READY,C:\Users\tonyk\Downloads\VeritasIntelligenceAnalytics\dict\VDF\_active\VRN_BROKER_BACKFILL_GATE_v029VRN1C41_20260615_131852\stage_parquet\VRN_ReportBasicInfo_StageFixed_v029VRN1C41.parquet,VRN_ACTIVE_POINTER_BASICINFO,2026-06-15T15:18:32.033252,8259fe448423344d7a65fbfa34d8bf8b56285c16
54ac505cf1493ac3da88,60182f2345d3,2025-07-18,,GS,,2330,,2330 TT,,Overweight,,,,,,,,,,STAGE_READY,C:\Users\tonyk\Downloads\VeritasIntelligenceAnalytics\dict\VDF\_active\VRN_BROKER_BACKFILL_GATE_v029VRN1C41_20260615_131852\stage_parquet\VRN_ReportBasicInfo_StageFixed_v029VRN1C41.parquet,VRN_ACTIVE_POINTER_BASICINFO,2026-06-15T15:18:32.033252,fe87819281c92de6733c92793e57fc7852a67452
710d89ac806736e3cf4a,da66bcad430c,2026-05-17,,Goldman,,6415,,6415 TT,,Buy,,,,,,,,,,STAGE_READY,C:\Users\tonyk\Downloads\VeritasIntelligenceAnalytics\dict\VDF\_active\VRN_BROKER_BACKFILL_GATE_v029VRN1C41_20260615_131852\stage_parquet\VRN_ReportBasicInfo_StageFixed_v029VRN1C41.parquet,VRN_ACTIVE_POINTER_BASICINFO,2026-06-15T15:18:32.033252,5b4181bd56ab59914e0062417e681df9287ff1ae
17778516170236867f72,d7fc40eba962,2026-05-20,,,,1560,,1560 TT,,,,,,,,,,,,STAGE_READY,C:\Users\tonyk\Downloads\VeritasIntelligenceAnalytics\dict\VDF\_active\VRN_BROKER_BACKFILL_GATE_v029VRN1C41_20260615_131852\stage_parquet\VRN_ReportBasicInfo_StageFixed_v029VRN1C41.parquet,VRN_ACTIVE_POINTER_BASICINFO,2026-06-15T15:18:32.033252,ecf01f9c41ba22665c7832464c52bfc07b37d2cd
d0da7e99f6a18ee90a55,ee80f5489c73,2025-10-03,,JPM,,3653,,3653 TT,,Buy,,,,,,,,,,STAGE_READY,C:\Users\tonyk\Downloads\VeritasIntelligenceAnalytics\dict\VDF\_active\VRN_BROKER_BACKFILL_GATE_v029VRN1C41_20260615_131852\stage_parquet\VRN_ReportBasicInfo_StageFixed_v029VRN1C41.parquet,VRN_ACTIVE_POINTER_BASICINFO,2026-06-15T15:18:32.033252,979391a1b8a1cd735ddff9ff1af35f0d30c2c4d7
d1c5a7d66588ae9c4e23,bb3578cff8f2,2025-12-03,,GS,,3661,,3661 TT,,Overweight,,,,,,,,,,STAGE_READY,C:\Users\tonyk\Downloads\VeritasIntelligenceAnalytics\dict\VDF\_active\VRN_BROKER_BACKFILL_GATE_v029VRN1C41_20260615_131852\stage_parquet\VRN_ReportBasicInfo_StageFixed_v029VRN1C41.parquet,VRN_ACTIVE_POINTER_BASICINFO,2026-06-15T15:18:32.033252,87aa6b84dbfa6f9e02364ffb4377606a7f3dbbb1
e92db8f9b6a9b19b6617,857093b8833a,2025-10-01,,GS,,6669,,6669 TT,,Hold,,,,,,,,,,STAGE_READY,C:\Users\tonyk\Downloads\VeritasIntelligenceAnalytics\dict\VDF\_active\VRN_BROKER_BACKFILL_GATE_v029VRN1C41_20260615_131852\stage_parquet\VRN_ReportBasicInfo_StageFixed_v029VRN1C41.parquet,VRN_ACTIVE_POINTER_BASICINFO,2026-06-15T15:18:32.033252,ba4ba01a77a23765571b478c8fcf86e32ca2f79e
aa74d1842cef486e02ab,3635a2681a48,2023-10-12,,Goldman,,2382,,2382 TT,,Buy,,,,,,,,,,STAGE_READY,C:\Users\tonyk\Downloads\VeritasIntelligenceAnalytics\dict\VDF\_active\VRN_BROKER_BACKFILL_GATE_v029VRN1C41_20260615_131852\stage_parquet\VRN_ReportBasicInfo_StageFixed_v029VRN1C41.parquet,VRN_ACTIVE_POINTER_BASICINFO,2026-06-15T15:18:32.033252,38a7814b7ba484547a626ce6ef482f192dc6dd57
8e433c78313c7ec48208,f411c84d8859,2025-08-19,,兆豐,,6873,,6873 TT,,,,,,,,,,,,STAGE_READY,C:\Users\tonyk\Downloads\VeritasIntelligenceAnalytics\dict\VDF\_active\VRN_BROKER_BACKFILL_GATE_v029VRN1C41_20260615_131852\stage_parquet\VRN_ReportBasicInfo_StageFixed_v029VRN1C41.parquet,VRN_ACTIVE_POINTER_BASICINFO,2026-06-15T15:18:32.033252,f82137a279630960a4f8343d5d62c84c461c4087
71c4141a1ae66b15381f,8837f1ff87a8,2025-08-22,,國泰,,3706,,3706 TT,,買進,,,,,,,,,,STAGE_READY,C:\Users\tonyk\Downloads\VeritasIntelligenceAnalytics\dict\VDF\_active\VRN_BROKER_BACKFILL_GATE_v029VRN1C41_20260615_131852\stage_parquet\VRN_ReportBasicInfo_StageFixed_v029VRN1C41.parquet,VRN_ACTIVE_POINTER_BASICINFO,2026-06-15T15:18:32.033252,225430c86775b7967a381c08b83d297ce6917fc7
90b7373c5fdcefbf6ead,9fa64d802d5c,2025-11-28,,GS,,2308,,2308 TT,,Overweight,,,,,,,,,,STAGE_READY,C:\Users\tonyk\Downloads\VeritasIntelligenceAnalytics\dict\VDF\_active\VRN_BROKER_BACKFILL_GATE_v029VRN1C41_20260615_131852\stage_parquet\VRN_ReportBasicInfo_StageFixed_v029VRN1C41.parquet,VRN_ACTIVE_POINTER_BASICINFO,2026-06-15T15:18:32.033252,0196eb51575c3b6cd2eaddbf02c7471edfda33b4
775f2a3745f9d927ec75,415d87f21003,2025-12-02,,Morgan Stanley,,3665,,3665 TT,,Hold,,,,,,,,,,STAGE_READY,C:\Users\tonyk\Downloads\VeritasIntelligenceAnalytics\dict\VDF\_active\VRN_BROKER_BACKFILL_GATE_v029VRN1C41_20260615_131852\stage_parquet\VRN_ReportBasicInfo_StageFixed_v029VRN1C41.parquet,VRN_ACTIVE_POINTER_BASICINFO,2026-06-15T15:18:32.033252,a698b8c3922dc1e1e293c80c9f62053e8bdfe3c6
cb16bf9e5a19d4053e57,55c6a90bffa6,2025-10-07,,GS,,8210,,8210 TT,,Overweight,,,,,,,,,,STAGE_READY,C:\Users\tonyk\Downloads\VeritasIntelligenceAnalytics\dict\VDF\_active\VRN_BROKER_BACKFILL_GATE_v029VRN1C41_20260615_131852\stage_parquet\VRN_ReportBasicInfo_StageFixed_v029VRN1C41.parquet,VRN_ACTIVE_POINTER_BASICINFO,2026-06-15T15:18:32.033252,a6e30fa24d3583f15f80807f963d50dcc5dae015
be5085daeb31c44ecafe,e337b0a2e05d,2025-08-22,,國泰,,3706,,3706 TT,,買進,,,,,,,,,,STAGE_READY,C:\Users\tonyk\Downloads\VeritasIntelligenceAnalytics\dict\VDF\_active\VRN_BROKER_BACKFILL_GATE_v029VRN1C41_20260615_131852\stage_parquet\VRN_ReportBasicInfo_StageFixed_v029VRN1C41.parquet,VRN_ACTIVE_POINTER_BASICINFO,2026-06-15T15:18:32.033252,97684391e05f89678af2ed6f824575127c2db3a3
72f769869b77c535e3e1,fc9e9d1ffdf9,2025-11-28,,兆豐,,3706,,3706 TT,,買進,,,,,,,,,,STAGE_READY,C:\Users\tonyk\Downloads\VeritasIntelligenceAnalytics\dict\VDF\_active\VRN_BROKER_BACKFILL_GATE_v029VRN1C41_20260615_131852\stage_parquet\VRN_ReportBasicInfo_StageFixed_v029VRN1C41.parquet,VRN_ACTIVE_POINTER_BASICINFO,2026-06-15T15:18:32.033252,a968c028924782c6211480c737f411a5d9733b5e
83b6b7679118d9613783,1c6725421e5f,2025-11-28,,兆豐,,3706,,3706 TT,,,,,,,,,,,,STAGE_READY,C:\Users\tonyk\Downloads\VeritasIntelligenceAnalytics\dict\VDF\_active\VRN_BROKER_BACKFILL_GATE_v029VRN1C41_20260615_131852\stage_parquet\VRN_ReportBasicInfo_StageFixed_v029VRN1C41.parquet,VRN_ACTIVE_POINTER_BASICINFO,2026-06-15T15:18:32.033252,dbdd2585ff5bf38d52f4a58c7eef1ef5c7e4059a
f233b0e1788b84cf6590,144913c917d9,2025-08-19,,兆豐,,6873,,6873 TT,,買進,,,,,,,,,,STAGE_READY,C:\Users\tonyk\Downloads\VeritasIntelligenceAnalytics\dict\VDF\_active\VRN_BROKER_BACKFILL_GATE_v029VRN1C41_20260615_131852\stage_parquet\VRN_ReportBasicInfo_StageFixed_v029VRN1C41.parquet,VRN_ACTIVE_POINTER_BASICINFO,2026-06-15T15:18:32.033252,7005d774bac4e79118d099be57434bc47f2eeca6
c7a8b1032956d58d0091,e337b0a2e05d,2025-08-22,,國泰,,3706,,3706 TT,,買進,,,,,,,,,,STAGE_READY,C:\Users\tonyk\Downloads\VeritasIntelligenceAnalytics\dict\VDF\_active\VRN_BROKER_BACKFILL_GATE_v029VRN1C41_20260615_131852\stage_parquet\VRN_ReportBasicInfo_StageFixed_v029VRN1C41.parquet,VRN_ACTIVE_POINTER_BASICINFO,2026-06-15T15:18:32.033252,4d0e8a5ceba62973cc6edcd3c42757ddf29a07b9
5d460c5ae92f2ab82c27,2bdd74d5ad28,2025-12-02,,GS,,1590,,1590 TT,,Overweight,,,,,,,,,,STAGE_READY,C:\Users\tonyk\Downloads\VeritasIntelligenceAnalytics\dict\VDF\_active\VRN_BROKER_BACKFILL_GATE_v029VRN1C41_20260615_131852\stage_parquet\VRN_ReportBasicInfo_StageFixed_v029VRN1C41.parquet,VRN_ACTIVE_POINTER_BASICINFO,2026-06-15T15:18:32.033252,f48544601c839ab0a82fe9f40f80c89863ea8293
52ef12dce1101713c240,144913c917d9,2025-08-19,,兆豐,,6873,,6873 TT,,買進,,,,,,,,,,STAGE_READY,C:\Users\tonyk\Downloads\VeritasIntelligenceAnalytics\dict\VDF\_active\VRN_BROKER_BACKFILL_GATE_v029VRN1C41_20260615_131852\stage_parquet\VRN_ReportBasicInfo_StageFixed_v029VRN1C41.parquet,VRN_ACTIVE_POINTER_BASICINFO,2026-06-15T15:18:32.033252,4bd62e6a083b877d094fad64a8cee41ef981dc53
a16cdaced9f932b890dd,8837f1ff87a8,2025-08-22,,國泰,,3706,,3706 TT,,買進,,,,,,,,,,STAGE_READY,C:\Users\tonyk\Downloads\VeritasIntelligenceAnalytics\dict\VDF\_active\VRN_BROKER_BACKFILL_GATE_v029VRN1C41_20260615_131852\stage_parquet\VRN_ReportBasicInfo_StageFixed_v029VRN1C41.parquet,VRN_ACTIVE_POINTER_BASICINFO,2026-06-15T15:18:32.033252,5f75919c46d9cee6d7f72b12b8d89f5ab3cec691
44f23f910016c54ba7e8,e337b0a2e05d,2025-08-22,,國泰,,3706,,3706 TT,,買進,,,,,,,,,,STAGE_READY,C:\Users\tonyk\Downloads\VeritasIntelligenceAnalytics\dict\VDF\_active\VRN_BROKER_BACKFILL_GATE_v029VRN1C41_20260615_131852\stage_parquet\VRN_ReportBasicInfo_StageFixed_v029VRN1C41.parquet,VRN_ACTIVE_POINTER_BASICINFO,2026-06-15T15:18:32.033252,efcb107d88df2622625038c7de0b46bea67886f7
c244020bcefad367c8c6,a647dd1af7a3,2025-12-04,,兆豐,,6768,,6768 TT,,買進,,,,,,,,,,STAGE_READY,C:\Users\tonyk\Downloads\VeritasIntelligenceAnalytics\dict\VDF\_active\VRN_BROKER_BACKFILL_GATE_v029VRN1C41_20260615_131852\stage_parquet\VRN_ReportBasicInfo_StageFixed_v029VRN1C41.parquet,VRN_ACTIVE_POINTER_BASICINFO,2026-06-15T15:18:32.033252,6ca35ddc9c75a4d691853d76dbe0d8815149b857
1aa9ec2998fa303112e0,e337b0a2e05d,2025-08-22,,國泰,,3706,,3706 TT,,買進,,,,,,,,,,STAGE_READY,C:\Users\tonyk\Downloads\VeritasIntelligenceAnalytics\dict\VDF\_active\VRN_BROKER_BACKFILL_GATE_v029VRN1C41_20260615_131852\stage_parquet\VRN_ReportBasicInfo_StageFixed_v029VRN1C41.parquet,VRN_ACTIVE_POINTER_BASICINFO,2026-06-15T15:18:32.033252,09d9f1afd03cbdbcec6c0c1c0641a60134ca2e1e
17e2093780810bfd02d2,f411c84d8859,2025-08-19,,兆豐,,6873,,6873 TT,,,,,,,,,,,,STAGE_READY,C:\Users\tonyk\Downloads\VeritasIntelligenceAnalytics\dict\VDF\_active\VRN_BROKER_BACKFILL_GATE_v029VRN1C41_20260615_131852\stage_parquet\VRN_ReportBasicInfo_StageFixed_v029VRN1C41.parquet,VRN_ACTIVE_POINTER_BASICINFO,2026-06-15T15:18:32.033252,48f8f20dcaaaae6fffe6b91e675882d57d3aa08b
dc76e6b8e61471ac62c7,fc9e9d1ffdf9,2025-11-28,,兆豐,,3706,,3706 TT,,買進,,,,,,,,,,STAGE_READY,C:\Users\tonyk\Downloads\VeritasIntelligenceAnalytics\dict\VDF\_active\VRN_BROKER_BACKFILL_GATE_v029VRN1C41_20260615_131852\stage_parquet\VRN_ReportBasicInfo_StageFixed_v029VRN1C41.parquet,VRN_ACTIVE_POINTER_BASICINFO,2026-06-15T15:18:32.033252,89bb013019c0bc9918d41946dc3b7021dcdbb9ea
acea2ffed52b2ffed6ac,4c4bcf631547,2023-10-05,,,,3014,,3014 TT,,,,,,,,,,,,STAGE_READY,C:\Users\tonyk\Downloads\VeritasIntelligenceAnalytics\dict\VDF\_active\VRN_BROKER_BACKFILL_GATE_v029VRN1C41_20260615_131852\stage_parquet\VRN_ReportBasicInfo_StageFixed_v029VRN1C41.parquet,VRN_ACTIVE_POINTER_BASICINFO,2026-06-15T15:18:32.033252,0518f5a121ec367af7b0a5480de094e3074b596c
10a0b597281ccb20a62e,482e52f26cf4,2026-05-25,,,,6933,,6933 TT,,,,,,,,,,,,STAGE_READY,C:\Users\tonyk\Downloads\VeritasIntelligenceAnalytics\dict\VDF\_active\VRN_BROKER_BACKFILL_GATE_v029VRN1C41_20260615_131852\stage_parquet\VRN_ReportBasicInfo_StageFixed_v029VRN1C41.parquet,VRN_ACTIVE_POINTER_BASICINFO,2026-06-15T15:18:32.033252,16a4b6b0d00733573cf51781f2925812fc04689a
a14610861e659bb710ad,1c6725421e5f,2025-11-28,,兆豐,,3706,,3706 TT,,,,,,,,,,,,STAGE_READY,C:\Users\tonyk\Downloads\VeritasIntelligenceAnalytics\dict\VDF\_active\VRN_BROKER_BACKFILL_GATE_v029VRN1C41_20260615_131852\stage_parquet\VRN_ReportBasicInfo_StageFixed_v029VRN1C41.parquet,VRN_ACTIVE_POINTER_BASICINFO,2026-06-15T15:18:32.033252,df16f7c6d1473547fa4df852caf0a20dc6e03baf
bdb1b801709c8a9dfef4,dc367a89b6fb,2026-05-19,,兆豐,,4771,,4771 TT,,買進,,,,,,,,,,STAGE_READY,C:\Users\tonyk\Downloads\VeritasIntelligenceAnalytics\dict\VDF\_active\VRN_BROKER_BACKFILL_GATE_v029VRN1C41_20260615_131852\stage_parquet\VRN_ReportBasicInfo_StageFixed_v029VRN1C41.parquet,VRN_ACTIVE_POINTER_BASICINFO,2026-06-15T15:18:32.033252,90fc26ded384791e11e1d6082b3fe1f1664aca86
9cf06b96f1bef6607fb1,8837f1ff87a8,2025-08-22,,國泰,,3706,,3706 TT,,買進,,,,,,,,,,STAGE_READY,C:\Users\tonyk\Downloads\VeritasIntelligenceAnalytics\dict\VDF\_active\VRN_BROKER_BACKFILL_GATE_v029VRN1C41_20260615_131852\stage_parquet\VRN_ReportBasicInfo_StageFixed_v029VRN1C41.parquet,VRN_ACTIVE_POINTER_BASICINFO,2026-06-15T15:18:32.033252,1ec8f538ad0f54df998a1f22d2011bf1ee92a30d
2778579bbdddd1b4773e,f076f1152b4b,2026-05-19,,兆豐,,4771,,4771 TT,,,,,,,,,,,,STAGE_READY,C:\Users\tonyk\Downloads\VeritasIntelligenceAnalytics\dict\VDF\_active\VRN_BROKER_BACKFILL_GATE_v029VRN1C41_20260615_131852\stage_parquet\VRN_ReportBasicInfo_StageFixed_v029VRN1C41.parquet,VRN_ACTIVE_POINTER_BASICINFO,2026-06-15T15:18:32.033252,c00526210a9879f413b0b84d6a3f8d0d14c72e48
81e7ecdd43462c532b2b,12548b012a8b,2025-12-04,,兆豐,,6768,,6768 TT,,,,,,,,,,,,STAGE_READY,C:\Users\tonyk\Downloads\VeritasIntelligenceAnalytics\dict\VDF\_active\VRN_BROKER_BACKFILL_GATE_v029VRN1C41_20260615_131852\stage_parquet\VRN_ReportBasicInfo_StageFixed_v029VRN1C41.parquet,VRN_ACTIVE_POINTER_BASICINFO,2026-06-15T15:18:32.033252,f2f2556a5c68e36c2f104ac71225ff334525f1bb
4b010e9b3911fd003db2,e337b0a2e05d,2025-08-22,,國泰,,3706,,3706 TT,,買進,,,,,,,,,,STAGE_READY,C:\Users\tonyk\Downloads\VeritasIntelligenceAnalytics\dict\VDF\_active\VRN_BROKER_BACKFILL_GATE_v029VRN1C41_20260615_131852\stage_parquet\VRN_ReportBasicInfo_StageFixed_v029VRN1C41.parquet,VRN_ACTIVE_POINTER_BASICINFO,2026-06-15T15:18:32.033252,7956350c815ac5260c71eba1f8d7de47ffb7b695
17b08d616e01e61a61fe,b94683a9c9e6,2023-10-05,,國泰,,3014,,3014 TT,,買進,,,,,,,,,,STAGE_READY,C:\Users\tonyk\Downloads\VeritasIntelligenceAnalytics\dict\VDF\_active\VRN_BROKER_BACKFILL_GATE_v029VRN1C41_20260615_131852\stage_parquet\VRN_ReportBasicInfo_StageFixed_v029VRN1C41.parquet,VRN_ACTIVE_POINTER_BASICINFO,2026-06-15T15:18:32.033252,8d52492c45a51be62f48a7208357e43cffc9a1c9
59f32d5b05c1db982129,144913c917d9,2025-08-19,,兆豐,,6873,,6873 TT,,買進,,,,,,,,,,STAGE_READY,C:\Users\tonyk\Downloads\VeritasIntelligenceAnalytics\dict\VDF\_active\VRN_BROKER_BACKFILL_GATE_v029VRN1C41_20260615_131852\stage_parquet\VRN_ReportBasicInfo_StageFixed_v029VRN1C41.parquet,VRN_ACTIVE_POINTER_BASICINFO,2026-06-15T15:18:32.033252,c560ed4b216e23f093738d7c4aeecd0ae9ea5c1b
bee1a1aa725ea5edc3d0,a647dd1af7a3,2025-12-04,,兆豐,,6768,,6768 TT,,買進,,,,,,,,,,STAGE_READY,C:\Users\tonyk\Downloads\VeritasIntelligenceAnalytics\dict\VDF\_active\VRN_BROKER_BACKFILL_GATE_v029VRN1C41_20260615_131852\stage_parquet\VRN_ReportBasicInfo_StageFixed_v029VRN1C41.parquet,VRN_ACTIVE_POINTER_BASICINFO,2026-06-15T15:18:32.033252,12c849a8159b4202f2fd02c6e790a561322b8409
f3a6eb36e1b07d3cd67f,b94683a9c9e6,2023-10-05,,國泰,,3014,,3014 TT,,買進,,,,,,,,,,STAGE_READY,C:\Users\tonyk\Downloads\VeritasIntelligenceAnalytics\dict\VDF\_active\VRN_BROKER_BACKFILL_GATE_v029VRN1C41_20260615_131852\stage_parquet\VRN_ReportBasicInfo_StageFixed_v029VRN1C41.parquet,VRN_ACTIVE_POINTER_BASICINFO,2026-06-15T15:18:32.033252,9a3fa7bbbe2355cbbd5b688b821d79bb533128f2
d8e30707e2e15bfcac17,fc9e9d1ffdf9,2025-11-28,,兆豐,,3706,,3706 TT,,買進,,,,,,,,,,STAGE_READY,C:\Users\tonyk\Downloads\VeritasIntelligenceAnalytics\dict\VDF\_active\VRN_BROKER_BACKFILL_GATE_v029VRN1C41_20260615_131852\stage_parquet\VRN_ReportBasicInfo_StageFixed_v029VRN1C41.parquet,VRN_ACTIVE_POINTER_BASICINFO,2026-06-15T15:18:32.033252,50eaecb5c42d89ddb8df59f3462938a760e2fa51
737d606ce443d4a4f444,513089807e2e,2026-05-19,,凱基,,2891,,2891 TT,,持有,,,,,,,,,,STAGE_READY,C:\Users\tonyk\Downloads\VeritasIntelligenceAnalytics\dict\VDF\_active\VRN_BROKER_BACKFILL_GATE_v029VRN1C41_20260615_131852\stage_parquet\VRN_ReportBasicInfo_StageFixed_v029VRN1C41.parquet,VRN_ACTIVE_POINTER_BASICINFO,2026-06-15T15:18:32.033252,475e3806b887cee40ad9b594a36376c57a8ea0ba
ca4c6c16969a6674dfa3,482e52f26cf4,2026-05-25,,,,6933,,6933 TT,,,,,,,,,,,,STAGE_READY,C:\Users\tonyk\Downloads\VeritasIntelligenceAnalytics\dict\VDF\_active\VRN_BROKER_BACKFILL_GATE_v029VRN1C41_20260615_131852\stage_parquet\VRN_ReportBasicInfo_StageFixed_v029VRN1C41.parquet,VRN_ACTIVE_POINTER_BASICINFO,2026-06-15T15:18:32.033252,6d800a06c24d917ee5ac852cffe10a28abdcfd37
4449d3b1b7548ba08463,e6270450a0cb,2025-12-06,,,,6533,,6533 TT,,Neutral,,,,,,,,,,STAGE_READY,C:\Users\tonyk\Downloads\VeritasIntelligenceAnalytics\dict\VDF\_active\VRN_BROKER_BACKFILL_GATE_v029VRN1C41_20260615_131852\stage_parquet\VRN_ReportBasicInfo_StageFixed_v029VRN1C41.parquet,VRN_ACTIVE_POINTER_BASICINFO,2026-06-15T15:18:32.033252,e7cfd0e82f1ad2e97683ae7e3835b77b2c69b45b
db76eacae3cb833543a7,8578b17590da,2026-05-19,,凱基,,3665,,3665 TT,,持有,,,,,,,,,,STAGE_READY,C:\Users\tonyk\Downloads\VeritasIntelligenceAnalytics\dict\VDF\_active\VRN_BROKER_BACKFILL_GATE_v029VRN1C41_20260615_131852\stage_parquet\VRN_ReportBasicInfo_StageFixed_v029VRN1C41.parquet,VRN_ACTIVE_POINTER_BASICINFO,2026-06-15T15:18:32.033252,5f532cddd99a451b5596bf822ef1829ce1481304
8bf8a8562c0fbdcecb5a,a9762ff02efe,2025-12-08,,GS,,4171,,4171 TT,,,,,,,,,,,,STAGE_READY,C:\Users\tonyk\Downloads\VeritasIntelligenceAnalytics\dict\VDF\_active\VRN_BROKER_BACKFILL_GATE_v029VRN1C41_20260615_131852\stage_parquet\VRN_ReportBasicInfo_StageFixed_v029VRN1C41.parquet,VRN_ACTIVE_POINTER_BASICINFO,2026-06-15T15:18:32.033252,d2fd82198daec974b37261d0ddb9661568073823
82dc06e1af39348fbf8e,9db99ee86da3,2025-12-01,,華南,,2026,,2026 TT,,,,,,,,,,,,STAGE_READY,C:\Users\tonyk\Downloads\VeritasIntelligenceAnalytics\dict\VDF\_active\VRN_BROKER_BACKFILL_GATE_v029VRN1C41_20260615_131852\stage_parquet\VRN_ReportBasicInfo_StageFixed_v029VRN1C41.parquet,VRN_ACTIVE_POINTER_BASICINFO,2026-06-15T15:18:32.033252,845d9d96b742aa5ed12dfb68584211bb44431593
be672f224e109ec3063c,1c6725421e5f,2025-11-28,,兆豐,,3706,,3706 TT,,,,,,,,,,,,STAGE_READY,C:\Users\tonyk\Downloads\VeritasIntelligenceAnalytics\dict\VDF\_active\VRN_BROKER_BACKFILL_GATE_v029VRN1C41_20260615_131852\stage_parquet\VRN_ReportBasicInfo_StageFixed_v029VRN1C41.parquet,VRN_ACTIVE_POINTER_BASICINFO,2026-06-15T15:18:32.033252,72156ac0dfcb91aada2a6a19c2e8e4fac98bb75a
3e7877f3d139915bf1e8,f411c84d8859,2025-08-19,,兆豐,,6873,,6873 TT,,,,,,,,,,,,STAGE_READY,C:\Users\tonyk\Downloads\VeritasIntelligenceAnalytics\dict\VDF\_active\VRN_BROKER_BACKFILL_GATE_v029VRN1C41_20260615_131852\stage_parquet\VRN_ReportBasicInfo_StageFixed_v029VRN1C41.parquet,VRN_ACTIVE_POINTER_BASICINFO,2026-06-15T15:18:32.033252,7d01805a80e82b939928b422070ca881e9cd59c3
22e8e61527a9045e51f6,1ce8f7a19d5b,2025-09-09,,華南,,6143,,6143 TT,,買進,,,,,,,,,,STAGE_READY,C:\Users\tonyk\Downloads\VeritasIntelligenceAnalytics\dict\VDF\_active\VRN_BROKER_BACKFILL_GATE_v029VRN1C41_20260615_131852\stage_parquet\VRN_ReportBasicInfo_StageFixed_v029VRN1C41.parquet,VRN_ACTIVE_POINTER_BASICINFO,2026-06-15T15:18:32.033252,6b627697b6fc28335c41ac46a5da4431c3825bd9
cd666b913c09cc7bf163,dc367a89b6fb,2026-05-19,,兆豐,,4771,,4771 TT,,買進,,,,,,,,,,STAGE_READY,C:\Users\tonyk\Downloads\VeritasIntelligenceAnalytics\dict\VDF\_active\VRN_BROKER_BACKFILL_GATE_v029VRN1C41_20260615_131852\stage_parquet\VRN_ReportBasicInfo_StageFixed_v029VRN1C41.parquet,VRN_ACTIVE_POINTER_BASICINFO,2026-06-15T15:18:32.033252,5545fcbe2369f0b17f4a120ec08344c4590d20ce
822824dc0ca62547aa3f,aaf37d8b44ad,2026-05-19,,凱基,,1476,,1476 TT,,持有,,,,,,,,,,STAGE_READY,C:\Users\tonyk\Downloads\VeritasIntelligenceAnalytics\dict\VDF\_active\VRN_BROKER_BACKFILL_GATE_v029VRN1C41_20260615_131852\stage_parquet\VRN_ReportBasicInfo_StageFixed_v029VRN1C41.parquet,VRN_ACTIVE_POINTER_BASICINFO,2026-06-15T15:18:32.033252,9ebf05cb6dfbf95a9085e3b7a9e127f3295e8a3b
88f08c57eac98da0cfcb,bec2e8821841,2025-09-12,,華南,,2606,,2606 TT,,買進,,,,,,,,,,STAGE_READY,C:\Users\tonyk\Downloads\VeritasIntelligenceAnalytics\dict\VDF\_active\VRN_BROKER_BACKFILL_GATE_v029VRN1C41_20260615_131852\stage_parquet\VRN_ReportBasicInfo_StageFixed_v029VRN1C41.parquet,VRN_ACTIVE_POINTER_BASICINFO,2026-06-15T15:18:32.033252,4786a5e4c67d8e1990d05e089415fbb91db4b904
9bca0d78176057d4ea38,12548b012a8b,2025-12-04,,兆豐,,6768,,6768 TT,,,,,,,,,,,,STAGE_READY,C:\Users\tonyk\Downloads\VeritasIntelligenceAnalytics\dict\VDF\_active\VRN_BROKER_BACKFILL_GATE_v029VRN1C41_20260615_131852\stage_parquet\VRN_ReportBasicInfo_StageFixed_v029VRN1C41.parquet,VRN_ACTIVE_POINTER_BASICINFO,2026-06-15T15:18:32.033252,0d94f1dbafeb135d8b0fa243781f249b884c426b
075ef1ffa059d0ffa533,cd1804f88763,2025-08-14,,華南,,2637,,2637 TT,,買進,,,,,,,,,,STAGE_READY,C:\Users\tonyk\Downloads\VeritasIntelligenceAnalytics\dict\VDF\_active\VRN_BROKER_BACKFILL_GATE_v029VRN1C41_20260615_131852\stage_parquet\VRN_ReportBasicInfo_StageFixed_v029VRN1C41.parquet,VRN_ACTIVE_POINTER_BASICINFO,2026-06-15T15:18:32.033252,7dcfb3ccb32cd9ecbd67b70f7a4082848486482c
85c9e55fef0ee92f4285,f076f1152b4b,2026-05-19,,兆豐,,4771,,4771 TT,,,,,,,,,,,,STAGE_READY,C:\Users\tonyk\Downloads\VeritasIntelligenceAnalytics\dict\VDF\_active\VRN_BROKER_BACKFILL_GATE_v029VRN1C41_20260615_131852\stage_parquet\VRN_ReportBasicInfo_StageFixed_v029VRN1C41.parquet,VRN_ACTIVE_POINTER_BASICINFO,2026-06-15T15:18:32.033252,708cb49edb320909b7e3033103f3f70c1e3340e5
c2c42b09b3d7faf5b8a5,8837f1ff87a8,2025-08-22,,國泰,,3706,,3706 TT,,買進,,,,,,,,,,STAGE_READY,C:\Users\tonyk\Downloads\VeritasIntelligenceAnalytics\dict\VDF\_active\VRN_BROKER_BACKFILL_GATE_v029VRN1C41_20260615_131852\stage_parquet\VRN_ReportBasicInfo_StageFixed_v029VRN1C41.parquet,VRN_ACTIVE_POINTER_BASICINFO,2026-06-15T15:18:32.033252,36b2eae84642f9ae1e53c6d47d7c6283db41e112
12839c3ffc1f96cda68e,7f6338fb959d,2025-11-13,,華南,,3017,,3017 TT,,買進,,,,,,,,,,STAGE_READY,C:\Users\tonyk\Downloads\VeritasIntelligenceAnalytics\dict\VDF\_active\VRN_BROKER_BACKFILL_GATE_v029VRN1C41_20260615_131852\stage_parquet\VRN_ReportBasicInfo_StageFixed_v029VRN1C41.parquet,VRN_ACTIVE_POINTER_BASICINFO,2026-06-15T15:18:32.033252,c78f8d8e1ae9ac5840d4c6f939c20d6839d66ec9
dd192502ddf69b6e55ba,f79edee33434,2026-05-19,,凱基,,3665,,3665 TT,,,,,,,,,,,,STAGE_READY,C:\Users\tonyk\Downloads\VeritasIntelligenceAnalytics\dict\VDF\_active\VRN_BROKER_BACKFILL_GATE_v029VRN1C41_20260615_131852\stage_parquet\VRN_ReportBasicInfo_StageFixed_v029VRN1C41.parquet,VRN_ACTIVE_POINTER_BASICINFO,2026-06-15T15:18:32.033252,5f4f79951354cc12edfc80950810863c9a4a16ea
7a06fbbe1f0d71b7f9ff,2ffbf03c7485,2026-05-19,,凱基,,6147,,6147 TT,,持有,,,,,,,,,,STAGE_READY,C:\Users\tonyk\Downloads\VeritasIntelligenceAnalytics\dict\VDF\_active\VRN_BROKER_BACKFILL_GATE_v029VRN1C41_20260615_131852\stage_parquet\VRN_ReportBasicInfo_StageFixed_v029VRN1C41.parquet,VRN_ACTIVE_POINTER_BASICINFO,2026-06-15T15:18:32.033252,55d5d6eaff973a06892e8a1af35bf6854c8e2f99
0808c1c9c4e064b7c2e4,ce36e08fe808,2025-12-02,,華南,,3017,,3017 TT,,,,,,,,,,,,STAGE_READY,C:\Users\tonyk\Downloads\VeritasIntelligenceAnalytics\dict\VDF\_active\VRN_BROKER_BACKFILL_GATE_v029VRN1C41_20260615_131852\stage_parquet\VRN_ReportBasicInfo_StageFixed_v029VRN1C41.parquet,VRN_ACTIVE_POINTER_BASICINFO,2026-06-15T15:18:32.033252,48dc8b61cd4a925d28737e5ff71136b94bbbb079
08be4065bab7c9423b21,13ebbb01df60,2026-05-19,,凱基,,2891,,2891 TT,,,,,,,,,,,,STAGE_READY,C:\Users\tonyk\Downloads\VeritasIntelligenceAnalytics\dict\VDF\_active\VRN_BROKER_BACKFILL_GATE_v029VRN1C41_20260615_131852\stage_parquet\VRN_ReportBasicInfo_StageFixed_v029VRN1C41.parquet,VRN_ACTIVE_POINTER_BASICINFO,2026-06-15T15:18:32.033252,a8148307952d58b2b05ff2f33f6af6f0d7a8ebee
7c6f42d5b2f511b58576,a4cfa1c72212,2025-12-02,,華南,,2637,,2637 TT,,,,,,,,,,,,STAGE_READY,C:\Users\tonyk\Downloads\VeritasIntelligenceAnalytics\dict\VDF\_active\VRN_BROKER_BACKFILL_GATE_v029VRN1C41_20260615_131852\stage_parquet\VRN_ReportBasicInfo_StageFixed_v029VRN1C41.parquet,VRN_ACTIVE_POINTER_BASICINFO,2026-06-15T15:18:32.033252,0a5df22bc5c5fa91de8bd32fb21e0975ff181935
54cce34246704e9ca925,4f916ed039a2,2026-05-19,,凱基,,6147,,6147 TT,,,,,,,,,,,,STAGE_READY,C:\Users\tonyk\Downloads\VeritasIntelligenceAnalytics\dict\VDF\_active\VRN_BROKER_BACKFILL_GATE_v029VRN1C41_20260615_131852\stage_parquet\VRN_ReportBasicInfo_StageFixed_v029VRN1C41.parquet,VRN_ACTIVE_POINTER_BASICINFO,2026-06-15T15:18:32.033252,e6b1184be7e4c2afc8542d8e405e17c31b1f2a89
1695195c6f1dc8ceecfb,fc9e9d1ffdf9,2025-11-28,,兆豐,,3706,,3706 TT,,買進,,,,,,,,,,STAGE_READY,C:\Users\tonyk\Downloads\VeritasIntelligenceAnalytics\dict\VDF\_active\VRN_BROKER_BACKFILL_GATE_v029VRN1C41_20260615_131852\stage_parquet\VRN_ReportBasicInfo_StageFixed_v029VRN1C41.parquet,VRN_ACTIVE_POINTER_BASICINFO,2026-06-15T15:18:32.033252,60d34564a38ac27d5f547f237d9209fffbd64e0f
ffeb79c197b71a3b6ee9,8a93ba4e9f95,2026-05-19,,凱基,,1476,,1476 TT,,,,,,,,,,,,STAGE_READY,C:\Users\tonyk\Downloads\VeritasIntelligenceAnalytics\dict\VDF\_active\VRN_BROKER_BACKFILL_GATE_v029VRN1C41_20260615_131852\stage_parquet\VRN_ReportBasicInfo_StageFixed_v029VRN1C41.parquet,VRN_ACTIVE_POINTER_BASICINFO,2026-06-15T15:18:32.033252,7202c761b1b676afe6ddad3f572c02da9d001283
e55efb18e93a4139cb1e,4c4bcf631547,2023-10-05,,,,3014,,3014 TT,,,,,,,,,,,,STAGE_READY,C:\Users\tonyk\Downloads\VeritasIntelligenceAnalytics\dict\VDF\_active\VRN_BROKER_BACKFILL_GATE_v029VRN1C41_20260615_131852\stage_parquet\VRN_ReportBasicInfo_StageFixed_v029VRN1C41.parquet,VRN_ACTIVE_POINTER_BASICINFO,2026-06-15T15:18:32.033252,72b34170244d83440a4dfffb896d68af29425447
4a70084b19231f5e8242,e6d8af42762f,2025-11-28,,華南,,6143,,6143 TT,,,,,,,,,,,,STAGE_READY,C:\Users\tonyk\Downloads\VeritasIntelligenceAnalytics\dict\VDF\_active\VRN_BROKER_BACKFILL_GATE_v029VRN1C41_20260615_131852\stage_parquet\VRN_ReportBasicInfo_StageFixed_v029VRN1C41.parquet,VRN_ACTIVE_POINTER_BASICINFO,2026-06-15T15:18:32.033252,b7df92cb65d804bce6d9928deb72e32d27b8a3d3
a4c5cf2ed64ff8b22279,77e934d7e175,2025-12-02,,華南,,2606,,2606 TT,,,,,,,,,,,,STAGE_READY,C:\Users\tonyk\Downloads\VeritasIntelligenceAnalytics\dict\VDF\_active\VRN_BROKER_BACKFILL_GATE_v029VRN1C41_20260615_131852\stage_parquet\VRN_ReportBasicInfo_StageFixed_v029VRN1C41.parquet,VRN_ACTIVE_POINTER_BASICINFO,2026-06-15T15:18:32.033252,a78298a5330172d68f633fb65e60bd0ead0b7c72
5ade8fa2ce6af4d97a68,a647dd1af7a3,2025-12-04,,兆豐,,6768,,6768 TT,,買進,,,,,,,,,,STAGE_READY,C:\Users\tonyk\Downloads\VeritasIntelligenceAnalytics\dict\VDF\_active\VRN_BROKER_BACKFILL_GATE_v029VRN1C41_20260615_131852\stage_parquet\VRN_ReportBasicInfo_StageFixed_v029VRN1C41.parquet,VRN_ACTIVE_POINTER_BASICINFO,2026-06-15T15:18:32.033252,0c155f838c836aa7b81bd452f6a35bb20a6134d4
c18a1b391bbf755cd230,144913c917d9,2025-08-19,,兆豐,,6873,,6873 TT,,買進,,,,,,,,,,STAGE_READY,C:\Users\tonyk\Downloads\VeritasIntelligenceAnalytics\dict\VDF\_active\VRN_BROKER_BACKFILL_GATE_v029VRN1C41_20260615_131852\stage_parquet\VRN_ReportBasicInfo_StageFixed_v029VRN1C41.parquet,VRN_ACTIVE_POINTER_BASICINFO,2026-06-15T15:18:32.033252,7c74b3b55dd50e602241d6234e70fc0be33d7f81
33280450a5af073c2547,dc367a89b6fb,2026-05-19,,兆豐,,4771,,4771 TT,,買進,,,,,,,,,,STAGE_READY,C:\Users\tonyk\Downloads\VeritasIntelligenceAnalytics\dict\VDF\_active\VRN_BROKER_BACKFILL_GATE_v029VRN1C41_20260615_131852\stage_parquet\VRN_ReportBasicInfo_StageFixed_v029VRN1C41.parquet,VRN_ACTIVE_POINTER_BASICINFO,2026-06-15T15:18:32.033252,fa745c98c0deb24ca38cab0c0138c5f753fecb55
b5f7ce57261b17b6db61,aaf37d8b44ad,2026-05-19,,凱基,,1476,,1476 TT,,持有,,,,,,,,,,STAGE_READY,C:\Users\tonyk\Downloads\VeritasIntelligenceAnalytics\dict\VDF\_active\VRN_BROKER_BACKFILL_GATE_v029VRN1C41_20260615_131852\stage_parquet\VRN_ReportBasicInfo_StageFixed_v029VRN1C41.parquet,VRN_ACTIVE_POINTER_BASICINFO,2026-06-15T15:18:32.033252,6e980f5ca6232db8890775e50c9527f1874b948f
7b71b1e70bc8d6523aed,e337b0a2e05d,2025-08-22,,國泰,,3706,,3706 TT,,買進,,,,,,,,,,STAGE_READY,C:\Users\tonyk\Downloads\VeritasIntelligenceAnalytics\dict\VDF\_active\VRN_BROKER_BACKFILL_GATE_v029VRN1C41_20260615_131852\stage_parquet\VRN_ReportBasicInfo_StageFixed_v029VRN1C41.parquet,VRN_ACTIVE_POINTER_BASICINFO,2026-06-15T15:18:32.033252,e3d9c8213541b2eafe608a33e1c9eb06cbfd33e9
5b7ac7814a9fdeee5c1c,bec2e8821841,2025-09-12,,華南,,2606,,2606 TT,,買進,,,,,,,,,,STAGE_READY,C:\Users\tonyk\Downloads\VeritasIntelligenceAnalytics\dict\VDF\_active\VRN_BROKER_BACKFILL_GATE_v029VRN1C41_20260615_131852\stage_parquet\VRN_ReportBasicInfo_StageFixed_v029VRN1C41.parquet,VRN_ACTIVE_POINTER_BASICINFO,2026-06-15T15:18:32.033252,4652fcab2314dadf155b40c793ff2a9881a5d803
835fbe5841d304414705,e6270450a0cb,2025-12-06,,,,6533,,6533 TT,,Neutral,,,,,,,,,,STAGE_READY,C:\Users\tonyk\Downloads\VeritasIntelligenceAnalytics\dict\VDF\_active\VRN_BROKER_BACKFILL_GATE_v029VRN1C41_20260615_131852\stage_parquet\VRN_ReportBasicInfo_StageFixed_v029VRN1C41.parquet,VRN_ACTIVE_POINTER_BASICINFO,2026-06-15T15:18:32.033252,116957260e2a985e70fb9046f1d3b34afe21cce4
6741dbe2ca65fb08fdca,9db99ee86da3,2025-12-01,,華南,,2026,,2026 TT,,,,,,,,,,,,STAGE_READY,C:\Users\tonyk\Downloads\VeritasIntelligenceAnalytics\dict\VDF\_active\VRN_BROKER_BACKFILL_GATE_v029VRN1C41_20260615_131852\stage_parquet\VRN_ReportBasicInfo_StageFixed_v029VRN1C41.parquet,VRN_ACTIVE_POINTER_BASICINFO,2026-06-15T15:18:32.033252,8643f6f9295f5892e48ba6cb8a6e69789b3021b6
c1cc4db685debe7d1e8e,cd1804f88763,2025-08-14,,華南,,2637,,2637 TT,,買進,,,,,,,,,,STAGE_READY,C:\Users\tonyk\Downloads\VeritasIntelligenceAnalytics\dict\VDF\_active\VRN_BROKER_BACKFILL_GATE_v029VRN1C41_20260615_131852\stage_parquet\VRN_ReportBasicInfo_StageFixed_v029VRN1C41.parquet,VRN_ACTIVE_POINTER_BASICINFO,2026-06-15T15:18:32.033252,ff78bc3fcedfb19728a047437848ec9342337b66
888b39c40bb59eec5f33,2ffbf03c7485,2026-05-19,,凱基,,6147,,6147 TT,,持有,,,,,,,,,,STAGE_READY,C:\Users\tonyk\Downloads\VeritasIntelligenceAnalytics\dict\VDF\_active\VRN_BROKER_BACKFILL_GATE_v029VRN1C41_20260615_131852\stage_parquet\VRN_ReportBasicInfo_StageFixed_v029VRN1C41.parquet,VRN_ACTIVE_POINTER_BASICINFO,2026-06-15T15:18:32.033252,7e7d1619f9c2ebb50e4ab8f435b0713eb677ebf1
1b91a4a2b7b382bac661,7f6338fb959d,2025-11-13,,華南,,3017,,3017 TT,,買進,,,,,,,,,,STAGE_READY,C:\Users\tonyk\Downloads\VeritasIntelligenceAnalytics\dict\VDF\_active\VRN_BROKER_BACKFILL_GATE_v029VRN1C41_20260615_131852\stage_parquet\VRN_ReportBasicInfo_StageFixed_v029VRN1C41.parquet,VRN_ACTIVE_POINTER_BASICINFO,2026-06-15T15:18:32.033252,3a8aab0e2cebb5034d6e934610f88f7c8fe4a1c0
74801d7fa94b37b0670c,513089807e2e,2026-05-19,,凱基,,2891,,2891 TT,,持有,,,,,,,,,,STAGE_READY,C:\Users\tonyk\Downloads\VeritasIntelligenceAnalytics\dict\VDF\_active\VRN_BROKER_BACKFILL_GATE_v029VRN1C41_20260615_131852\stage_parquet\VRN_ReportBasicInfo_StageFixed_v029VRN1C41.parquet,VRN_ACTIVE_POINTER_BASICINFO,2026-06-15T15:18:32.033252,19e84ff55399f0dea09b6ed91b85272329397b46
46d380df4ef3ffcec6ee,b94683a9c9e6,2023-10-05,,國泰,,3014,,3014 TT,,買進,,,,,,,,,,STAGE_READY,C:\Users\tonyk\Downloads\VeritasIntelligenceAnalytics\dict\VDF\_active\VRN_BROKER_BACKFILL_GATE_v029VRN1C41_20260615_131852\stage_parquet\VRN_ReportBasicInfo_StageFixed_v029VRN1C41.parquet,VRN_ACTIVE_POINTER_BASICINFO,2026-06-15T15:18:32.033252,4475a19d47ebb5dc70a93ea982b6745a788dec98
c89f56e1e1a37e2ea349,a9762ff02efe,2025-12-08,,GS,,4171,,4171 TT,,,,,,,,,,,,STAGE_READY,C:\Users\tonyk\Downloads\VeritasIntelligenceAnalytics\dict\VDF\_active\VRN_BROKER_BACKFILL_GATE_v029VRN1C41_20260615_131852\stage_parquet\VRN_ReportBasicInfo_StageFixed_v029VRN1C41.parquet,VRN_ACTIVE_POINTER_BASICINFO,2026-06-15T15:18:32.033252,90d91078e84a72d2fdf93db2cfad86b938a695d3
99adb79c62caffbcfd80,c0e1841bbcfd,2026-05-21,,Daiwa,,6278,,6278 TT,,Hold,,,,,,,,,,STAGE_READY,C:\Users\tonyk\Downloads\VeritasIntelligenceAnalytics\dict\VDF\_active\VRN_BROKER_BACKFILL_GATE_v029VRN1C41_20260615_131852\stage_parquet\VRN_ReportBasicInfo_StageFixed_v029VRN1C41.parquet,VRN_ACTIVE_POINTER_BASICINFO,2026-06-15T15:18:32.033252,158ae365ef065d51337954551adf48948bcbea4a
d9145c5341c54a618cd4,482e52f26cf4,2026-05-25,,,,6933,,6933 TT,,,,,,,,,,,,STAGE_READY,C:\Users\tonyk\Downloads\VeritasIntelligenceAnalytics\dict\VDF\_active\VRN_BROKER_BACKFILL_GATE_v029VRN1C41_20260615_131852\stage_parquet\VRN_ReportBasicInfo_StageFixed_v029VRN1C41.parquet,VRN_ACTIVE_POINTER_BASICINFO,2026-06-15T15:18:32.033252,52e236acd23efeb1614bd00b498aa04ecb72b076
438b13b81dbe68dd867a,8bc5fab0f44d,2025-12-03,,Goldman,,1590,,1590 TT,,,,,,,,,,,,STAGE_READY,C:\Users\tonyk\Downloads\VeritasIntelligenceAnalytics\dict\VDF\_active\VRN_BROKER_BACKFILL_GATE_v029VRN1C41_20260615_131852\stage_parquet\VRN_ReportBasicInfo_StageFixed_v029VRN1C41.parquet,VRN_ACTIVE_POINTER_BASICINFO,2026-06-15T15:18:32.033252,e34bd44d54f0b7065a1ca4fcf76cf0968c5332e7
c8697c2c7d605102341f,8578b17590da,2026-05-19,,凱基,,3665,,3665 TT,,持有,,,,,,,,,,STAGE_READY,C:\Users\tonyk\Downloads\VeritasIntelligenceAnalytics\dict\VDF\_active\VRN_BROKER_BACKFILL_GATE_v029VRN1C41_20260615_131852\stage_parquet\VRN_ReportBasicInfo_StageFixed_v029VRN1C41.parquet,VRN_ACTIVE_POINTER_BASICINFO,2026-06-15T15:18:32.033252,2dee2c55f65964ae90c39ba5fc502981efd0dc5f
0a3f684b322ede5d5f5c,0e3a7ffea317,2025-06-04,,Citi,,3231,,3231 TT,,Buy,,,,,,,,,,STAGE_READY,C:\Users\tonyk\Downloads\VeritasIntelligenceAnalytics\dict\VDF\_active\VRN_BROKER_BACKFILL_GATE_v029VRN1C41_20260615_131852\stage_parquet\VRN_ReportBasicInfo_StageFixed_v029VRN1C41.parquet,VRN_ACTIVE_POINTER_BASICINFO,2026-06-15T15:18:32.033252,c766d76565aa58f4123f520862c9a9b24cf542dd
c07ae704c6686e3a1888,857093b8833a,2025-10-01,,GS,,6669,,6669 TT,,Hold,,,,,,,,,,STAGE_READY,C:\Users\tonyk\Downloads\VeritasIntelligenceAnalytics\dict\VDF\_active\VRN_BROKER_BACKFILL_GATE_v029VRN1C41_20260615_131852\stage_parquet\VRN_ReportBasicInfo_StageFixed_v029VRN1C41.parquet,VRN_ACTIVE_POINTER_BASICINFO,2026-06-15T15:18:32.033252,f97bdc9b80800546c4c57226e66e39f1ad67d13a
c18c26ef54fbba9ed681,1ce8f7a19d5b,2025-09-09,,華南,,6143,,6143 TT,,買進,,,,,,,,,,STAGE_READY,C:\Users\tonyk\Downloads\VeritasIntelligenceAnalytics\dict\VDF\_active\VRN_BROKER_BACKFILL_GATE_v029VRN1C41_20260615_131852\stage_parquet\VRN_ReportBasicInfo_StageFixed_v029VRN1C41.parquet,VRN_ACTIVE_POINTER_BASICINFO,2026-06-15T15:18:32.033252,cb283cb4c4223af0406b4e0ebb7efb21eeb3575a
b6cd9fe75d5cec17c7fa,c8bcf1de430d,2023-10-12,,Goldman,,1590,,1590 TT,,Buy,,,,,,,,,,STAGE_READY,C:\Users\tonyk\Downloads\VeritasIntelligenceAnalytics\dict\VDF\_active\VRN_BROKER_BACKFILL_GATE_v029VRN1C41_20260615_131852\stage_parquet\VRN_ReportBasicInfo_StageFixed_v029VRN1C41.parquet,VRN_ACTIVE_POINTER_BASICINFO,2026-06-15T15:18:32.033252,3bb39ae4bbc11d6cf6290c69ed07bc26f12d4a56
cd1997832d5b9c162bb5,9015d064e179,2025-11-30,,Goldman,,3706,,3706 TT,,Buy,,,,,,,,,,STAGE_READY,C:\Users\tonyk\Downloads\VeritasIntelligenceAnalytics\dict\VDF\_active\VRN_BROKER_BACKFILL_GATE_v029VRN1C41_20260615_131852\stage_parquet\VRN_ReportBasicInfo_StageFixed_v029VRN1C41.parquet,VRN_ACTIVE_POINTER_BASICINFO,2026-06-15T15:18:32.033252,f87fa97ba46cbdc38dadff982bd34afb1d6757f0
ba89292d7c3846499de5,73c0ed880dcd,2025-10-02,,GS,,3653,,3653 TT,,Hold,,,,,,,,,,STAGE_READY,C:\Users\tonyk\Downloads\VeritasIntelligenceAnalytics\dict\VDF\_active\VRN_BROKER_BACKFILL_GATE_v029VRN1C41_20260615_131852\stage_parquet\VRN_ReportBasicInfo_StageFixed_v029VRN1C41.parquet,VRN_ACTIVE_POINTER_BASICINFO,2026-06-15T15:18:32.033252,51d5027ab7ada93b74905d721c4ac9ee521f14e1
2937c02b5e6e0eda7b5b,d04a4946c88f,2023-10-11,,GS,,1319,,1319 TT,,Buy,,,,,,,,,,STAGE_READY,C:\Users\tonyk\Downloads\VeritasIntelligenceAnalytics\dict\VDF\_active\VRN_BROKER_BACKFILL_GATE_v029VRN1C41_20260615_131852\stage_parquet\VRN_ReportBasicInfo_StageFixed_v029VRN1C41.parquet,VRN_ACTIVE_POINTER_BASICINFO,2026-06-15T15:18:32.033252,c45d8b1ff0864b6137eab87c5cde96fcdcf43078
fcef70800b3421bf6db9,60182f2345d3,2025-07-18,,GS,,2330,,2330 TT,,Overweight,,,,,,,,,,STAGE_READY,C:\Users\tonyk\Downloads\VeritasIntelligenceAnalytics\dict\VDF\_active\VRN_BROKER_BACKFILL_GATE_v029VRN1C41_20260615_131852\stage_parquet\VRN_ReportBasicInfo_StageFixed_v029VRN1C41.parquet,VRN_ACTIVE_POINTER_BASICINFO,2026-06-15T15:18:32.033252,b0e35629f2f0518b0d2ed5623ff5f8499db3e36f
f57b605b7178e4546015,2bdd74d5ad28,2025-12-02,,GS,,1590,,1590 TT,,Overweight,,,,,,,,,,STAGE_READY,C:\Users\tonyk\Downloads\VeritasIntelligenceAnalytics\dict\VDF\_active\VRN_BROKER_BACKFILL_GATE_v029VRN1C41_20260615_131852\stage_parquet\VRN_ReportBasicInfo_StageFixed_v029VRN1C41.parquet,VRN_ACTIVE_POINTER_BASICINFO,2026-06-15T15:18:32.033252,b4ad7d6d67eb39cc2260075ed59a6429f12c0319
90da75c8158a137c4718,da66bcad430c,2026-05-17,,Goldman,,6415,,6415 TT,,Buy,,,,,,,,,,STAGE_READY,C:\Users\tonyk\Downloads\VeritasIntelligenceAnalytics\dict\VDF\_active\VRN_BROKER_BACKFILL_GATE_v029VRN1C41_20260615_131852\stage_parquet\VRN_ReportBasicInfo_StageFixed_v029VRN1C41.parquet,VRN_ACTIVE_POINTER_BASICINFO,2026-06-15T15:18:32.033252,e0a439d89597527791edda093d1fc9e6757d3a30
6f593c1750e8b997b815,002075ad1390,2025-12-05,,Goldman,,2317,,2317 TT,,Buy,,,,,,,,,,STAGE_READY,C:\Users\tonyk\Downloads\VeritasIntelligenceAnalytics\dict\VDF\_active\VRN_BROKER_BACKFILL_GATE_v029VRN1C41_20260615_131852\stage_parquet\VRN_ReportBasicInfo_StageFixed_v029VRN1C41.parquet,VRN_ACTIVE_POINTER_BASICINFO,2026-06-15T15:18:32.033252,0b97855f77968e02022e7f1184bd56e5b1e9547c
66bd5db252db3f2fdd9c,55c6a90bffa6,2025-10-07,,GS,,8210,,8210 TT,,Overweight,,,,,,,,,,STAGE_READY,C:\Users\tonyk\Downloads\VeritasIntelligenceAnalytics\dict\VDF\_active\VRN_BROKER_BACKFILL_GATE_v029VRN1C41_20260615_131852\stage_parquet\VRN_ReportBasicInfo_StageFixed_v029VRN1C41.parquet,VRN_ACTIVE_POINTER_BASICINFO,2026-06-15T15:18:32.033252,0fb1592910e36d55a24280b3e7f2cacfb3921427
1a01c837fb5b90eb792f,6ad043d05d31,2026-05-19,,Goldman,,2383,,2383 TT,,Buy,,,,,,,,,,STAGE_READY,C:\Users\tonyk\Downloads\VeritasIntelligenceAnalytics\dict\VDF\_active\VRN_BROKER_BACKFILL_GATE_v029VRN1C41_20260615_131852\stage_parquet\VRN_ReportBasicInfo_StageFixed_v029VRN1C41.parquet,VRN_ACTIVE_POINTER_BASICINFO,2026-06-15T15:18:32.033252,778658d40cb2da998294a2d2714bc5d55bdec9c0
a9010049c705d835f4e3,9fa64d802d5c,2025-11-28,,GS,,2308,,2308 TT,,Overweight,,,,,,,,,,STAGE_READY,C:\Users\tonyk\Downloads\VeritasIntelligenceAnalytics\dict\VDF\_active\VRN_BROKER_BACKFILL_GATE_v029VRN1C41_20260615_131852\stage_parquet\VRN_ReportBasicInfo_StageFixed_v029VRN1C41.parquet,VRN_ACTIVE_POINTER_BASICINFO,2026-06-15T15:18:32.033252,2b1809f838eb553639035c27eb5bef78a9494fa1
dd17581d273242f6edde,d7fc40eba962,2026-05-20,,,,1560,,1560 TT,,,,,,,,,,,,STAGE_READY,C:\Users\tonyk\Downloads\VeritasIntelligenceAnalytics\dict\VDF\_active\VRN_BROKER_BACKFILL_GATE_v029VRN1C41_20260615_131852\stage_parquet\VRN_ReportBasicInfo_StageFixed_v029VRN1C41.parquet,VRN_ACTIVE_POINTER_BASICINFO,2026-06-15T15:18:32.033252,5548aa001e47de269620b334474b9a16365eaeb0
fe10fa9e63e32a2bb42a,ee80f5489c73,2025-10-03,,JPM,,3653,,3653 TT,,Buy,,,,,,,,,,STAGE_READY,C:\Users\tonyk\Downloads\VeritasIntelligenceAnalytics\dict\VDF\_active\VRN_BROKER_BACKFILL_GATE_v029VRN1C41_20260615_131852\stage_parquet\VRN_ReportBasicInfo_StageFixed_v029VRN1C41.parquet,VRN_ACTIVE_POINTER_BASICINFO,2026-06-15T15:18:32.033252,b61bdd9ee434a48e4b9fb0f09e3e17ef80e382b7
81648b99cebd6efacd07,3635a2681a48,2023-10-12,,Goldman,,2382,,2382 TT,,Buy,,,,,,,,,,STAGE_READY,C:\Users\tonyk\Downloads\VeritasIntelligenceAnalytics\dict\VDF\_active\VRN_BROKER_BACKFILL_GATE_v029VRN1C41_20260615_131852\stage_parquet\VRN_ReportBasicInfo_StageFixed_v029VRN1C41.parquet,VRN_ACTIVE_POINTER_BASICINFO,2026-06-15T15:18:32.033252,5573d842a8e48f8dca9bb819fbaa5f1b731cb275
c10ec5e0c297f0d36f52,1c6725421e5f,2025-11-28,,兆豐,,3706,,3706 TT,,,,,,,,,,,,STAGE_READY,C:\Users\tonyk\Downloads\VeritasIntelligenceAnalytics\dict\VDF\_active\VRN_BROKER_BACKFILL_GATE_v029VRN1C41_20260615_131852\stage_parquet\VRN_ReportBasicInfo_StageFixed_v029VRN1C41.parquet,VRN_ACTIVE_POINTER_BASICINFO,2026-06-15T15:18:32.033252,611f61e838f9186aee74acd8455a3fbd6f7fd77d
c9dddcbfcb9268f4933e,12548b012a8b,2025-12-04,,兆豐,,6768,,6768 TT,,,,,,,,,,,,STAGE_READY,C:\Users\tonyk\Downloads\VeritasIntelligenceAnalytics\dict\VDF\_active\VRN_BROKER_BACKFILL_GATE_v029VRN1C41_20260615_131852\stage_parquet\VRN_ReportBasicInfo_StageFixed_v029VRN1C41.parquet,VRN_ACTIVE_POINTER_BASICINFO,2026-06-15T15:18:32.033252,1bde12d08c5cbda5da388821a6291d27e42fcc74
6386e6698160bcbc9fc5,8837f1ff87a8,2025-08-22,,國泰,,3706,,3706 TT,,買進,,,,,,,,,,STAGE_READY,C:\Users\tonyk\Downloads\VeritasIntelligenceAnalytics\dict\VDF\_active\VRN_BROKER_BACKFILL_GATE_v029VRN1C41_20260615_131852\stage_parquet\VRN_ReportBasicInfo_StageFixed_v029VRN1C41.parquet,VRN_ACTIVE_POINTER_BASICINFO,2026-06-15T15:18:32.033252,8d6ad8665693ee226734e3c31e5d11947c9cc486
fbdd9648bf1b062b5835,f411c84d8859,2025-08-19,,兆豐,,6873,,6873 TT,,,,,,,,,,,,STAGE_READY,C:\Users\tonyk\Downloads\VeritasIntelligenceAnalytics\dict\VDF\_active\VRN_BROKER_BACKFILL_GATE_v029VRN1C41_20260615_131852\stage_parquet\VRN_ReportBasicInfo_StageFixed_v029VRN1C41.parquet,VRN_ACTIVE_POINTER_BASICINFO,2026-06-15T15:18:32.033252,34d347cc107c93c5e642c8c1c24185b1508ac6a1
5095edb22e925622d8a2,012d1f99030a,2025-10-07,,Morgan Stanley,,6669,,6669 TT,,Equal-weight,,,,,,,,,,STAGE_READY,C:\Users\tonyk\Downloads\VeritasIntelligenceAnalytics\dict\VDF\_active\VRN_BROKER_BACKFILL_GATE_v029VRN1C41_20260615_131852\stage_parquet\VRN_ReportBasicInfo_StageFixed_v029VRN1C41.parquet,VRN_ACTIVE_POINTER_BASICINFO,2026-06-15T15:18:32.033252,49f1a445774d05d1d6089a24e964b4f56077f0b0
888733484f600716cee3,bb3578cff8f2,2025-12-03,,GS,,3661,,3661 TT,,Overweight,,,,,,,,,,STAGE_READY,C:\Users\tonyk\Downloads\VeritasIntelligenceAnalytics\dict\VDF\_active\VRN_BROKER_BACKFILL_GATE_v029VRN1C41_20260615_131852\stage_parquet\VRN_ReportBasicInfo_StageFixed_v029VRN1C41.parquet,VRN_ACTIVE_POINTER_BASICINFO,2026-06-15T15:18:32.033252,be301406ca3afb0ab6f44c9aad1a2d8144d665f4
fe5be4fe27ba0147959f,f076f1152b4b,2026-05-19,,兆豐,,4771,,4771 TT,,,,,,,,,,,,STAGE_READY,C:\Users\tonyk\Downloads\VeritasIntelligenceAnalytics\dict\VDF\_active\VRN_BROKER_BACKFILL_GATE_v029VRN1C41_20260615_131852\stage_parquet\VRN_ReportBasicInfo_StageFixed_v029VRN1C41.parquet,VRN_ACTIVE_POINTER_BASICINFO,2026-06-15T15:18:32.033252,79653afb4cfacd44ab7555b524a2e59a0c0788e9
2b50514e7df79d738638,4f916ed039a2,2026-05-19,,凱基,,6147,,6147 TT,,,,,,,,,,,,STAGE_READY,C:\Users\tonyk\Downloads\VeritasIntelligenceAnalytics\dict\VDF\_active\VRN_BROKER_BACKFILL_GATE_v029VRN1C41_20260615_131852\stage_parquet\VRN_ReportBasicInfo_StageFixed_v029VRN1C41.parquet,VRN_ACTIVE_POINTER_BASICINFO,2026-06-15T15:18:32.033252,1bbea23446ef5b994a076e1c80da689977cf00c8
1c03dc34c1803bb8c2b1,415d87f21003,2025-12-02,,Morgan Stanley,,3665,,3665 TT,,Hold,,,,,,,,,,STAGE_READY,C:\Users\tonyk\Downloads\VeritasIntelligenceAnalytics\dict\VDF\_active\VRN_BROKER_BACKFILL_GATE_v029VRN1C41_20260615_131852\stage_parquet\VRN_ReportBasicInfo_StageFixed_v029VRN1C41.parquet,VRN_ACTIVE_POINTER_BASICINFO,2026-06-15T15:18:32.033252,d90dddcbc0427d14558a1fab2c3bd9e6f4af80c7
98e2ff5b4fb9fc65e199,4c4bcf631547,2023-10-05,,,,3014,,3014 TT,,,,,,,,,,,,STAGE_READY,C:\Users\tonyk\Downloads\VeritasIntelligenceAnalytics\dict\VDF\_active\VRN_BROKER_BACKFILL_GATE_v029VRN1C41_20260615_131852\stage_parquet\VRN_ReportBasicInfo_StageFixed_v029VRN1C41.parquet,VRN_ACTIVE_POINTER_BASICINFO,2026-06-15T15:18:32.033252,de6cba7226a24153a734723e985852a6991e7cee
d439e1f860018986a492,a4cfa1c72212,2025-12-02,,華南,,2637,,2637 TT,,,,,,,,,,,,STAGE_READY,C:\Users\tonyk\Downloads\VeritasIntelligenceAnalytics\dict\VDF\_active\VRN_BROKER_BACKFILL_GATE_v029VRN1C41_20260615_131852\stage_parquet\VRN_ReportBasicInfo_StageFixed_v029VRN1C41.parquet,VRN_ACTIVE_POINTER_BASICINFO,2026-06-15T15:18:32.033252,82d7a99eb40fefa59fd193be191389b8f6860ae4
b22fae314ca52018911f,13ebbb01df60,2026-05-19,,凱基,,2891,,2891 TT,,,,,,,,,,,,STAGE_READY,C:\Users\tonyk\Downloads\VeritasIntelligenceAnalytics\dict\VDF\_active\VRN_BROKER_BACKFILL_GATE_v029VRN1C41_20260615_131852\stage_parquet\VRN_ReportBasicInfo_StageFixed_v029VRN1C41.parquet,VRN_ACTIVE_POINTER_BASICINFO,2026-06-15T15:18:32.033252,169f23b3771bc71b95dcf4fd7e9e2f31753c75a5
17ce33692c5db6c92008,77e934d7e175,2025-12-02,,華南,,2606,,2606 TT,,,,,,,,,,,,STAGE_READY,C:\Users\tonyk\Downloads\VeritasIntelligenceAnalytics\dict\VDF\_active\VRN_BROKER_BACKFILL_GATE_v029VRN1C41_20260615_131852\stage_parquet\VRN_ReportBasicInfo_StageFixed_v029VRN1C41.parquet,VRN_ACTIVE_POINTER_BASICINFO,2026-06-15T15:18:32.033252,5f80c5c60f39eb31971894a407974a9fcd595a1a
5ce8cd2df577f4e685cf,ce36e08fe808,2025-12-02,,華南,,3017,,3017 TT,,,,,,,,,,,,STAGE_READY,C:\Users\tonyk\Downloads\VeritasIntelligenceAnalytics\dict\VDF\_active\VRN_BROKER_BACKFILL_GATE_v029VRN1C41_20260615_131852\stage_parquet\VRN_ReportBasicInfo_StageFixed_v029VRN1C41.parquet,VRN_ACTIVE_POINTER_BASICINFO,2026-06-15T15:18:32.033252,8af2880f26fed794a173d04976839c54480182c2
e28112645377c3e9aa9b,8a93ba4e9f95,2026-05-19,,凱基,,1476,,1476 TT,,,,,,,,,,,,STAGE_READY,C:\Users\tonyk\Downloads\VeritasIntelligenceAnalytics\dict\VDF\_active\VRN_BROKER_BACKFILL_GATE_v029VRN1C41_20260615_131852\stage_parquet\VRN_ReportBasicInfo_StageFixed_v029VRN1C41.parquet,VRN_ACTIVE_POINTER_BASICINFO,2026-06-15T15:18:32.033252,6de514bba6ea9503a7429ac2edd89f5531d9ccc5
3a4ac2e1f076053c7430,21ed3184655d,2025-06-04,,Citi,,3231,,3231 TT,,,,,,,,,,,,STAGE_READY,C:\Users\tonyk\Downloads\VeritasIntelligenceAnalytics\dict\VDF\_active\VRN_BROKER_BACKFILL_GATE_v029VRN1C41_20260615_131852\stage_parquet\VRN_ReportBasicInfo_StageFixed_v029VRN1C41.parquet,VRN_ACTIVE_POINTER_BASICINFO,2026-06-15T15:18:32.033252,ae06893adc3d1487e01b7b85f3441c870612818e
3a796b9a026e1ecff786,f79edee33434,2026-05-19,,凱基,,3665,,3665 TT,,,,,,,,,,,,STAGE_READY,C:\Users\tonyk\Downloads\VeritasIntelligenceAnalytics\dict\VDF\_active\VRN_BROKER_BACKFILL_GATE_v029VRN1C41_20260615_131852\stage_parquet\VRN_ReportBasicInfo_StageFixed_v029VRN1C41.parquet,VRN_ACTIVE_POINTER_BASICINFO,2026-06-15T15:18:32.033252,fec8fe7b200cfacc18bb9dff0d36c7486073e389
94d5fc9e41e199bc203d,59819ed7f346,2023-10-11,,Daiwa,,1319,,1319 TT,,,,,,,,,,,,STAGE_READY,C:\Users\tonyk\Downloads\VeritasIntelligenceAnalytics\dict\VDF\_active\VRN_BROKER_BACKFILL_GATE_v029VRN1C41_20260615_131852\stage_parquet\VRN_ReportBasicInfo_StageFixed_v029VRN1C41.parquet,VRN_ACTIVE_POINTER_BASICINFO,2026-06-15T15:18:32.033252,192c827c8289f57149e1976b88f1a4f7aece0769
5d2d4a591c5704bf4bd8,b1e34f85bb6a,2025-10-02,,Daiwa,,3653,,3653 TT,,,,,,,,,,,,STAGE_READY,C:\Users\tonyk\Downloads\VeritasIntelligenceAnalytics\dict\VDF\_active\VRN_BROKER_BACKFILL_GATE_v029VRN1C41_20260615_131852\stage_parquet\VRN_ReportBasicInfo_StageFixed_v029VRN1C41.parquet,VRN_ACTIVE_POINTER_BASICINFO,2026-06-15T15:18:32.033252,7cb857cab0745f7dc0921945f7951863f47df9e9
2c1e86733c7e8d64e4be,e6d8af42762f,2025-11-28,,華南,,6143,,6143 TT,,,,,,,,,,,,STAGE_READY,C:\Users\tonyk\Downloads\VeritasIntelligenceAnalytics\dict\VDF\_active\VRN_BROKER_BACKFILL_GATE_v029VRN1C41_20260615_131852\stage_parquet\VRN_ReportBasicInfo_StageFixed_v029VRN1C41.parquet,VRN_ACTIVE_POINTER_BASICINFO,2026-06-15T15:18:32.033252,70ec3e25202a66cb2a74393b6fbb4c6a858e4c36
69c3024ada3514d116c3,0d53c37028e9,2026-05-21,,Daiwa,,6278,,6278 TT,,,,,,,,,,,,STAGE_READY,C:\Users\tonyk\Downloads\VeritasIntelligenceAnalytics\dict\VDF\_active\VRN_BROKER_BACKFILL_GATE_v029VRN1C41_20260615_131852\stage_parquet\VRN_ReportBasicInfo_StageFixed_v029VRN1C41.parquet,VRN_ACTIVE_POINTER_BASICINFO,2026-06-15T15:18:32.033252,60a6bd135d02eb5ae75bfaf99a4d030fa93056ae
6e0f2b3d5ac5554276c1,099ded919098,2025-10-01,,,,6669,,6669 TT,,,,,,,,,,,,STAGE_READY,C:\Users\tonyk\Downloads\VeritasIntelligenceAnalytics\dict\VDF\_active\VRN_BROKER_BACKFILL_GATE_v029VRN1C41_20260615_131852\stage_parquet\VRN_ReportBasicInfo_StageFixed_v029VRN1C41.parquet,VRN_ACTIVE_POINTER_BASICINFO,2026-06-15T15:18:32.033252,1630a96457f4b9046d70d2a20740ca3cc9b3cfd0
d334461897e1b9f51c92,3ed5f4090ca0,2023-10-12,,GS,,2382,,2382 TT,,,,,,,,,,,,STAGE_READY,C:\Users\tonyk\Downloads\VeritasIntelligenceAnalytics\dict\VDF\_active\VRN_BROKER_BACKFILL_GATE_v029VRN1C41_20260615_131852\stage_parquet\VRN_ReportBasicInfo_StageFixed_v029VRN1C41.parquet,VRN_ACTIVE_POINTER_BASICINFO,2026-06-15T15:18:32.033252,741bfa802c6db858e1313cfa0a8f8c02abc20bcd
c6dcabb00451dad3182c,3e7f91a00285,2025-12-03,,GS,,1590,,1590 TT,,,,,,,,,,,,STAGE_READY,C:\Users\tonyk\Downloads\VeritasIntelligenceAnalytics\dict\VDF\_active\VRN_BROKER_BACKFILL_GATE_v029VRN1C41_20260615_131852\stage_parquet\VRN_ReportBasicInfo_StageFixed_v029VRN1C41.parquet,VRN_ACTIVE_POINTER_BASICINFO,2026-06-15T15:18:32.033252,678fec3a870dfe932f5d9b061723fff0065f65fe
eaac8fc9e1d0441d3a28,d0bc27d62403,2023-10-12,,GS,,1590,,1590 TT,,,,,,,,,,,,STAGE_READY,C:\Users\tonyk\Downloads\VeritasIntelligenceAnalytics\dict\VDF\_active\VRN_BROKER_BACKFILL_GATE_v029VRN1C41_20260615_131852\stage_parquet\VRN_ReportBasicInfo_StageFixed_v029VRN1C41.parquet,VRN_ACTIVE_POINTER_BASICINFO,2026-06-15T15:18:32.033252,b2762f7df95d11781dddaf44aa793a9666c62306
5c0b60635888df7e810d,deb1667b6c7b,2025-12-05,,GS,,2317,,2317 TT,,,,,,,,,,,,STAGE_READY,C:\Users\tonyk\Downloads\VeritasIntelligenceAnalytics\dict\VDF\_active\VRN_BROKER_BACKFILL_GATE_v029VRN1C41_20260615_131852\stage_parquet\VRN_ReportBasicInfo_StageFixed_v029VRN1C41.parquet,VRN_ACTIVE_POINTER_BASICINFO,2026-06-15T15:18:32.033252,687c22ad90852c5f4cb6fe2d2de558dc2bc9aaa5
72f6b7ca31d3762a0cae,7b56b105e93d,2026-05-17,,GS,,6415,,6415 TT,,,,,,,,,,,,STAGE_READY,C:\Users\tonyk\Downloads\VeritasIntelligenceAnalytics\dict\VDF\_active\VRN_BROKER_BACKFILL_GATE_v029VRN1C41_20260615_131852\stage_parquet\VRN_ReportBasicInfo_StageFixed_v029VRN1C41.parquet,VRN_ACTIVE_POINTER_BASICINFO,2026-06-15T15:18:32.033252,97a49f6618cf3c3b477a6eed1c27879a42fe23e6
f485a4cd99f64281051d,5ef5877ed521,2025-11-28,,MS,,2308,,2308 TT,,,,,,,,,,,,STAGE_READY,C:\Users\tonyk\Downloads\VeritasIntelligenceAnalytics\dict\VDF\_active\VRN_BROKER_BACKFILL_GATE_v029VRN1C41_20260615_131852\stage_parquet\VRN_ReportBasicInfo_StageFixed_v029VRN1C41.parquet,VRN_ACTIVE_POINTER_BASICINFO,2026-06-15T15:18:32.033252,5e4a192fc4de1115aa48d3ff3f25b9a62f0a8c30
a644a2f114fc69c52821,3b12a0f9beb2,2026-05-19,,GS,,2383,,2383 TT,,,,,,,,,,,,STAGE_READY,C:\Users\tonyk\Downloads\VeritasIntelligenceAnalytics\dict\VDF\_active\VRN_BROKER_BACKFILL_GATE_v029VRN1C41_20260615_131852\stage_parquet\VRN_ReportBasicInfo_StageFixed_v029VRN1C41.parquet,VRN_ACTIVE_POINTER_BASICINFO,2026-06-15T15:18:32.033252,e95a257574e11735b5392e78c1debe2b1b6fd2b0
6f3cbb1cb4d91d2f6b54,c848238a8c42,2025-11-30,,GS,,3706,,3706 TT,,,,,,,,,,,,STAGE_READY,C:\Users\tonyk\Downloads\VeritasIntelligenceAnalytics\dict\VDF\_active\VRN_BROKER_BACKFILL_GATE_v029VRN1C41_20260615_131852\stage_parquet\VRN_ReportBasicInfo_StageFixed_v029VRN1C41.parquet,VRN_ACTIVE_POINTER_BASICINFO,2026-06-15T15:18:32.033252,145386773c297baec90652917b9c936158d19762
5b5f11d72cf09e19a1d3,4c57755ba695,2025-12-02,,MS,,3665,,3665 TT,,,,,,,,,,,,STAGE_READY,C:\Users\tonyk\Downloads\VeritasIntelligenceAnalytics\dict\VDF\_active\VRN_BROKER_BACKFILL_GATE_v029VRN1C41_20260615_131852\stage_parquet\VRN_ReportBasicInfo_StageFixed_v029VRN1C41.parquet,VRN_ACTIVE_POINTER_BASICINFO,2026-06-15T15:18:32.033252,c10a316cd05ac34fc32dcb0dbbba7d0fbe805d20
8076e1a26825aa12ccf8,af1d4131f1bf,2025-12-02,,MS,,1590,,1590 TT,,,,,,,,,,,,STAGE_READY,C:\Users\tonyk\Downloads\VeritasIntelligenceAnalytics\dict\VDF\_active\VRN_BROKER_BACKFILL_GATE_v029VRN1C41_20260615_131852\stage_parquet\VRN_ReportBasicInfo_StageFixed_v029VRN1C41.parquet,VRN_ACTIVE_POINTER_BASICINFO,2026-06-15T15:18:32.033252,e8b835318432786c4dbed006d2cffec08373215d
99ffa3f0e04531044160,c1254c68f553,2025-07-18,,,,2330,,2330 TT,,,,,,,,,,,,STAGE_READY,C:\Users\tonyk\Downloads\VeritasIntelligenceAnalytics\dict\VDF\_active\VRN_BROKER_BACKFILL_GATE_v029VRN1C41_20260615_131852\stage_parquet\VRN_ReportBasicInfo_StageFixed_v029VRN1C41.parquet,VRN_ACTIVE_POINTER_BASICINFO,2026-06-15T15:18:32.033252,775f3fd6f7973d2123bc2e7a1ebb1399fb91e74c
39e5d56e6eff63d496a9,6766920adafc,2025-10-07,,MS,,8210,,8210 TT,,,,,,,,,,,,STAGE_READY,C:\Users\tonyk\Downloads\VeritasIntelligenceAnalytics\dict\VDF\_active\VRN_BROKER_BACKFILL_GATE_v029VRN1C41_20260615_131852\stage_parquet\VRN_ReportBasicInfo_StageFixed_v029VRN1C41.parquet,VRN_ACTIVE_POINTER_BASICINFO,2026-06-15T15:18:32.033252,b48f0ebdd211659c86aa9c77bf54856e4d94f429
8721b44a8e0c389a3124,6453e5de5809,2025-10-03,,,,3653,,3653 TT,,,,,,,,,,,,STAGE_READY,C:\Users\tonyk\Downloads\VeritasIntelligenceAnalytics\dict\VDF\_active\VRN_BROKER_BACKFILL_GATE_v029VRN1C41_20260615_131852\stage_parquet\VRN_ReportBasicInfo_StageFixed_v029VRN1C41.parquet,VRN_ACTIVE_POINTER_BASICINFO,2026-06-15T15:18:32.033252,c180eeb6be5cee4fd8b93587d2735a3fc5eae362
71db8d82a237ddfd5c8f,b0d4c04388cf,2025-10-07,,MS,,6669,,6669 TT,,,,,,,,,,,,STAGE_READY,C:\Users\tonyk\Downloads\VeritasIntelligenceAnalytics\dict\VDF\_active\VRN_BROKER_BACKFILL_GATE_v029VRN1C41_20260615_131852\stage_parquet\VRN_ReportBasicInfo_StageFixed_v029VRN1C41.parquet,VRN_ACTIVE_POINTER_BASICINFO,2026-06-15T15:18:32.033252,fd0f56a63173b09710c074a52d10c9a35ca53225
8a44f5a0863fd01b44b0,144db0014918,2025-12-03,,MS,,3661,,3661 TT,,,,,,,,,,,,STAGE_READY,C:\Users\tonyk\Downloads\VeritasIntelligenceAnalytics\dict\VDF\_active\VRN_BROKER_BACKFILL_GATE_v029VRN1C41_20260615_131852\stage_parquet\VRN_ReportBasicInfo_StageFixed_v029VRN1C41.parquet,VRN_ACTIVE_POINTER_BASICINFO,2026-06-15T15:18:32.033252,493eb1d7e855389d41c364829732c9a6643b0ea7
9e79a5e9e8ceabf7643c,144913c917d9,2025-08-19,,兆豐,,6873,,6873 TT,,買進,,,,,,,,,,STAGE_READY,C:\Users\tonyk\Downloads\VeritasIntelligenceAnalytics\dict\VDF\_active\VRN_BROKER_BACKFILL_GATE_v029VRN1C41_20260615_131852\stage_parquet\VRN_ReportBasicInfo_StageFixed_v029VRN1C41.parquet,VRN_ACTIVE_POINTER_BASICINFO,2026-06-15T15:18:32.033252,efa4a830a6b1043b2f1234f45b03f1a7370c193b
db95ce66175e4894f9f3,e337b0a2e05d,2025-08-22,,國泰,,3706,,3706 TT,,買進,,,,,,,,,,STAGE_READY,C:\Users\tonyk\Downloads\VeritasIntelligenceAnalytics\dict\VDF\_active\VRN_BROKER_BACKFILL_GATE_v029VRN1C41_20260615_131852\stage_parquet\VRN_ReportBasicInfo_StageFixed_v029VRN1C41.parquet,VRN_ACTIVE_POINTER_BASICINFO,2026-06-15T15:18:32.033252,ca95ba85237fe15f6e7708e8466b4655f8956342
3586ecc2f1b6c12b2d2b,e6270450a0cb,2025-12-06,,,,6533,,6533 TT,,Neutral,,,,,,,,,,STAGE_READY,C:\Users\tonyk\Downloads\VeritasIntelligenceAnalytics\dict\VDF\_active\VRN_BROKER_BACKFILL_GATE_v029VRN1C41_20260615_131852\stage_parquet\VRN_ReportBasicInfo_StageFixed_v029VRN1C41.parquet,VRN_ACTIVE_POINTER_BASICINFO,2026-06-15T15:18:32.033252,d78a6058725272af8fb1493fbf08e78cbfcdf53c
88c884540417859b8278,a647dd1af7a3,2025-12-04,,兆豐,,6768,,6768 TT,,買進,,,,,,,,,,STAGE_READY,C:\Users\tonyk\Downloads\VeritasIntelligenceAnalytics\dict\VDF\_active\VRN_BROKER_BACKFILL_GATE_v029VRN1C41_20260615_131852\stage_parquet\VRN_ReportBasicInfo_StageFixed_v029VRN1C41.parquet,VRN_ACTIVE_POINTER_BASICINFO,2026-06-15T15:18:32.033252,7a9f2bb953af1e81292daa8d3162013f4aa7b473
db4f5a1f3a6854b28711,bec2e8821841,2025-09-12,,華南,,2606,,2606 TT,,買進,,,,,,,,,,STAGE_READY,C:\Users\tonyk\Downloads\VeritasIntelligenceAnalytics\dict\VDF\_active\VRN_BROKER_BACKFILL_GATE_v029VRN1C41_20260615_131852\stage_parquet\VRN_ReportBasicInfo_StageFixed_v029VRN1C41.parquet,VRN_ACTIVE_POINTER_BASICINFO,2026-06-15T15:18:32.033252,cd9f8b7f89c31c91044ac9fdb0d2c4c069aa56e5
325379a4db1a874fc972,fc9e9d1ffdf9,2025-11-28,,兆豐,,3706,,3706 TT,,買進,,,,,,,,,,STAGE_READY,C:\Users\tonyk\Downloads\VeritasIntelligenceAnalytics\dict\VDF\_active\VRN_BROKER_BACKFILL_GATE_v029VRN1C41_20260615_131852\stage_parquet\VRN_ReportBasicInfo_StageFixed_v029VRN1C41.parquet,VRN_ACTIVE_POINTER_BASICINFO,2026-06-15T15:18:32.033252,57009ae1c61423b7759fee26424da0c94fbd2b8a
b14d44a9bec5254c9a28,b94683a9c9e6,2023-10-05,,國泰,,3014,,3014 TT,,買進,,,,,,,,,,STAGE_READY,C:\Users\tonyk\Downloads\VeritasIntelligenceAnalytics\dict\VDF\_active\VRN_BROKER_BACKFILL_GATE_v029VRN1C41_20260615_131852\stage_parquet\VRN_ReportBasicInfo_StageFixed_v029VRN1C41.parquet,VRN_ACTIVE_POINTER_BASICINFO,2026-06-15T15:18:32.033252,99e3a2f4c60239726af09419e9da73434f6df953
81366873f963d50eaa77,9db99ee86da3,2025-12-01,,華南,,2026,,2026 TT,,,,,,,,,,,,STAGE_READY,C:\Users\tonyk\Downloads\VeritasIntelligenceAnalytics\dict\VDF\_active\VRN_BROKER_BACKFILL_GATE_v029VRN1C41_20260615_131852\stage_parquet\VRN_ReportBasicInfo_StageFixed_v029VRN1C41.parquet,VRN_ACTIVE_POINTER_BASICINFO,2026-06-15T15:18:32.033252,3068a77558a612eadbc19977a4dfddb6ad95253d
62883e631207b5f7b66c,0e3a7ffea317,2025-06-04,,Citi,,3231,,3231 TT,,Buy,,,,,,,,,,STAGE_READY,C:\Users\tonyk\Downloads\VeritasIntelligenceAnalytics\dict\VDF\_active\VRN_BROKER_BACKFILL_GATE_v029VRN1C41_20260615_131852\stage_parquet\VRN_ReportBasicInfo_StageFixed_v029VRN1C41.parquet,VRN_ACTIVE_POINTER_BASICINFO,2026-06-15T15:18:32.033252,a55f226e62777fcd7bce872591ea117b03ca2739
32c0f8e36a7f92982432,cd1804f88763,2025-08-14,,華南,,2637,,2637 TT,,買進,,,,,,,,,,STAGE_READY,C:\Users\tonyk\Downloads\VeritasIntelligenceAnalytics\dict\VDF\_active\VRN_BROKER_BACKFILL_GATE_v029VRN1C41_20260615_131852\stage_parquet\VRN_ReportBasicInfo_StageFixed_v029VRN1C41.parquet,VRN_ACTIVE_POINTER_BASICINFO,2026-06-15T15:18:32.033252,e2e3e9969a8ad534ac9fec2563852be684664193
b42da4be1e1274751096,1ce8f7a19d5b,2025-09-09,,華南,,6143,,6143 TT,,買進,,,,,,,,,,STAGE_READY,C:\Users\tonyk\Downloads\VeritasIntelligenceAnalytics\dict\VDF\_active\VRN_BROKER_BACKFILL_GATE_v029VRN1C41_20260615_131852\stage_parquet\VRN_ReportBasicInfo_StageFixed_v029VRN1C41.parquet,VRN_ACTIVE_POINTER_BASICINFO,2026-06-15T15:18:32.033252,34fee72c4ceabbf79e4b02844ac24fcb423b7a60
f52c85d925eee2b49712,482e52f26cf4,2026-05-10,,,,6933,,6933 TT,,,,,,,,,,,,STAGE_READY,C:\Users\tonyk\Downloads\VeritasIntelligenceAnalytics\dict\VDF\_active\VRN_BROKER_BACKFILL_GATE_v029VRN1C41_20260615_131852\stage_parquet\VRN_ReportBasicInfo_StageFixed_v029VRN1C41.parquet,VRN_ACTIVE_POINTER_BASICINFO,2026-06-15T15:18:32.033252,b8a46dfc18a51994b480936320e032af52085e15
3a5ce4e15ad0a806cba0,a9762ff02efe,2025-12-08,,GS,,4171,,4171 TT,,,,,,,,,,,,STAGE_READY,C:\Users\tonyk\Downloads\VeritasIntelligenceAnalytics\dict\VDF\_active\VRN_BROKER_BACKFILL_GATE_v029VRN1C41_20260615_131852\stage_parquet\VRN_ReportBasicInfo_StageFixed_v029VRN1C41.parquet,VRN_ACTIVE_POINTER_BASICINFO,2026-06-15T15:18:32.033252,95366b5dccc61173e3fe891d1268ae645255cdd4
12893d179853784765f4,7f6338fb959d,2025-11-13,,華南,,3017,,3017 TT,,買進,,,,,,,,,,STAGE_READY,C:\Users\tonyk\Downloads\VeritasIntelligenceAnalytics\dict\VDF\_active\VRN_BROKER_BACKFILL_GATE_v029VRN1C41_20260615_131852\stage_parquet\VRN_ReportBasicInfo_StageFixed_v029VRN1C41.parquet,VRN_ACTIVE_POINTER_BASICINFO,2026-06-15T15:18:32.033252,cb67e1a4b98c84c7800d79e7a8951533c8da6321
0a73d8866d10e1b18fca,c8bcf1de430d,2023-10-12,,Goldman,,1590,,1590 TT,,Buy,,,,,,,,,,STAGE_READY,C:\Users\tonyk\Downloads\VeritasIntelligenceAnalytics\dict\VDF\_active\VRN_BROKER_BACKFILL_GATE_v029VRN1C41_20260615_131852\stage_parquet\VRN_ReportBasicInfo_StageFixed_v029VRN1C41.parquet,VRN_ACTIVE_POINTER_BASICINFO,2026-06-15T15:18:32.033252,6aa4999cb0699b525332aa5cf62a9ee24e6885d6
62e38503102c06b4297b,191e050f585d,2026-05-10,,,,3006,,3006 TT,,買進,,,,,,,,,,STAGE_READY,C:\Users\tonyk\Downloads\VeritasIntelligenceAnalytics\dict\VDF\_active\VRN_BROKER_BACKFILL_GATE_v029VRN1C41_20260615_131852\stage_parquet\VRN_ReportBasicInfo_StageFixed_v029VRN1C41.parquet,VRN_ACTIVE_POINTER_BASICINFO,2026-06-15T15:18:32.033252,94d4a3b310c4874f86c3c0b9241625b688056d4e
5163240e80ed3da37c8b,002075ad1390,2025-12-05,,Goldman,,2317,,2317 TT,,Buy,,,,,,,,,,STAGE_READY,C:\Users\tonyk\Downloads\VeritasIntelligenceAnalytics\dict\VDF\_active\VRN_BROKER_BACKFILL_GATE_v029VRN1C41_20260615_131852\stage_parquet\VRN_ReportBasicInfo_StageFixed_v029VRN1C41.parquet,VRN_ACTIVE_POINTER_BASICINFO,2026-06-15T15:18:32.033252,ccd20a8a0f17ccac7a813175f76ef23bac81879c
c53116c72897bc9a7197,857093b8833a,2025-10-01,,GS,,6669,,6669 TT,,Hold,,,,,,,,,,STAGE_READY,C:\Users\tonyk\Downloads\VeritasIntelligenceAnalytics\dict\VDF\_active\VRN_BROKER_BACKFILL_GATE_v029VRN1C41_20260615_131852\stage_parquet\VRN_ReportBasicInfo_StageFixed_v029VRN1C41.parquet,VRN_ACTIVE_POINTER_BASICINFO,2026-06-15T15:18:32.033252,60f3c9c38eabcb0ae50f510b451e13550f95057d
965b67d4d021e24f09f0,9015d064e179,2025-11-30,,Goldman,,3706,,3706 TT,,Buy,,,,,,,,,,STAGE_READY,C:\Users\tonyk\Downloads\VeritasIntelligenceAnalytics\dict\VDF\_active\VRN_BROKER_BACKFILL_GATE_v029VRN1C41_20260615_131852\stage_parquet\VRN_ReportBasicInfo_StageFixed_v029VRN1C41.parquet,VRN_ACTIVE_POINTER_BASICINFO,2026-06-15T15:18:32.033252,24525e89e3e6ec6919f3514ffc76ac71f44300d5
8933db6c25ef373b1d7d,9fa64d802d5c,2025-11-28,,GS,,2308,,2308 TT,,Overweight,,,,,,,,,,STAGE_READY,C:\Users\tonyk\Downloads\VeritasIntelligenceAnalytics\dict\VDF\_active\VRN_BROKER_BACKFILL_GATE_v029VRN1C41_20260615_131852\stage_parquet\VRN_ReportBasicInfo_StageFixed_v029VRN1C41.parquet,VRN_ACTIVE_POINTER_BASICINFO,2026-06-15T15:18:32.033252,d1b0a606dee60a4c7db816a6b8c970051f81eff4
fe3f9441e6b01d19a829,8bc5fab0f44d,2025-12-03,,Goldman,,1590,,1590 TT,,,,,,,,,,,,STAGE_READY,C:\Users\tonyk\Downloads\VeritasIntelligenceAnalytics\dict\VDF\_active\VRN_BROKER_BACKFILL_GATE_v029VRN1C41_20260615_131852\stage_parquet\VRN_ReportBasicInfo_StageFixed_v029VRN1C41.parquet,VRN_ACTIVE_POINTER_BASICINFO,2026-06-15T15:18:32.033252,a360fc3b1182ff44ee52264cd63e30c5b7c72e0c
ff5c6867a8fc33930761,ee80f5489c73,2025-10-03,,JPM,,3653,,3653 TT,,Buy,,,,,,,,,,STAGE_READY,C:\Users\tonyk\Downloads\VeritasIntelligenceAnalytics\dict\VDF\_active\VRN_BROKER_BACKFILL_GATE_v029VRN1C41_20260615_131852\stage_parquet\VRN_ReportBasicInfo_StageFixed_v029VRN1C41.parquet,VRN_ACTIVE_POINTER_BASICINFO,2026-06-15T15:18:32.033252,0c6912a0608a0a038440018abffc21c0aefc703c
4b4471494e4cebc0d146,60182f2345d3,2025-07-18,,GS,,2330,,2330 TT,,Overweight,,,,,,,,,,STAGE_READY,C:\Users\tonyk\Downloads\VeritasIntelligenceAnalytics\dict\VDF\_active\VRN_BROKER_BACKFILL_GATE_v029VRN1C41_20260615_131852\stage_parquet\VRN_ReportBasicInfo_StageFixed_v029VRN1C41.parquet,VRN_ACTIVE_POINTER_BASICINFO,2026-06-15T15:18:32.033252,7f4e52789efa71e0cf7bc54d8d97e3dc7dba22a5
ddb0b9213ce1b450703d,d04a4946c88f,2023-10-11,,GS,,1319,,1319 TT,,Buy,,,,,,,,,,STAGE_READY,C:\Users\tonyk\Downloads\VeritasIntelligenceAnalytics\dict\VDF\_active\VRN_BROKER_BACKFILL_GATE_v029VRN1C41_20260615_131852\stage_parquet\VRN_ReportBasicInfo_StageFixed_v029VRN1C41.parquet,VRN_ACTIVE_POINTER_BASICINFO,2026-06-15T15:18:32.033252,ffce2329e4e49e692bd44bc5097c2dff8cc65c50
2e7d4e0faeb22e1bd78a,3635a2681a48,2023-10-12,,Goldman,,2382,,2382 TT,,Buy,,,,,,,,,,STAGE_READY,C:\Users\tonyk\Downloads\VeritasIntelligenceAnalytics\dict\VDF\_active\VRN_BROKER_BACKFILL_GATE_v029VRN1C41_20260615_131852\stage_parquet\VRN_ReportBasicInfo_StageFixed_v029VRN1C41.parquet,VRN_ACTIVE_POINTER_BASICINFO,2026-06-15T15:18:32.033252,ef9ce2148884d2a441a32b686a90ad0ab1d4f520
e1513873f8a38bdd0992,2bdd74d5ad28,2025-12-02,,GS,,1590,,1590 TT,,Overweight,,,,,,,,,,STAGE_READY,C:\Users\tonyk\Downloads\VeritasIntelligenceAnalytics\dict\VDF\_active\VRN_BROKER_BACKFILL_GATE_v029VRN1C41_20260615_131852\stage_parquet\VRN_ReportBasicInfo_StageFixed_v029VRN1C41.parquet,VRN_ACTIVE_POINTER_BASICINFO,2026-06-15T15:18:32.033252,c58d436a23199886fce0033f8a5ed707bd3a82b0
59b7d5b87d56f19b4dbe,415d87f21003,2025-12-02,,Morgan Stanley,,3665,,3665 TT,,Hold,,,,,,,,,,STAGE_READY,C:\Users\tonyk\Downloads\VeritasIntelligenceAnalytics\dict\VDF\_active\VRN_BROKER_BACKFILL_GATE_v029VRN1C41_20260615_131852\stage_parquet\VRN_ReportBasicInfo_StageFixed_v029VRN1C41.parquet,VRN_ACTIVE_POINTER_BASICINFO,2026-06-15T15:18:32.033252,bd37b3c2b7381ad4d39e280154c032dd3f0644d4
1dd185019837a7d7c59f,73c0ed880dcd,2025-10-02,,GS,,3653,,3653 TT,,Hold,,,,,,,,,,STAGE_READY,C:\Users\tonyk\Downloads\VeritasIntelligenceAnalytics\dict\VDF\_active\VRN_BROKER_BACKFILL_GATE_v029VRN1C41_20260615_131852\stage_parquet\VRN_ReportBasicInfo_StageFixed_v029VRN1C41.parquet,VRN_ACTIVE_POINTER_BASICINFO,2026-06-15T15:18:32.033252,76fc10f02a78f171bd694d4c1648eacdcab96877
0ed517fc3c5930076f18,012d1f99030a,2025-10-07,,Morgan Stanley,,6669,,6669 TT,,Equal-weight,,,,,,,,,,STAGE_READY,C:\Users\tonyk\Downloads\VeritasIntelligenceAnalytics\dict\VDF\_active\VRN_BROKER_BACKFILL_GATE_v029VRN1C41_20260615_131852\stage_parquet\VRN_ReportBasicInfo_StageFixed_v029VRN1C41.parquet,VRN_ACTIVE_POINTER_BASICINFO,2026-06-15T15:18:32.033252,08d2174bbb75201f77a6d9e27e2ddaeb90685aed
7cb61d1ed2000a1b9239,55c6a90bffa6,2025-10-07,,GS,,8210,,8210 TT,,Overweight,,,,,,,,,,STAGE_READY,C:\Users\tonyk\Downloads\VeritasIntelligenceAnalytics\dict\VDF\_active\VRN_BROKER_BACKFILL_GATE_v029VRN1C41_20260615_131852\stage_parquet\VRN_ReportBasicInfo_StageFixed_v029VRN1C41.parquet,VRN_ACTIVE_POINTER_BASICINFO,2026-06-15T15:18:32.033252,3dc6a5f39bf9fcc3b852f736331f273415c9a0c2
625b08bcf58023d9089f,a647dd1af7a3,2025-12-04,,兆豐,,2021,,2021 TT,,買進,,,,,,,,,,STAGE_READY,C:\Users\tonyk\Downloads\VeritasIntelligenceAnalytics\dict\VDF\_active\VRN_BROKER_BACKFILL_GATE_v029VRN1C41_20260615_131852\stage_parquet\VRN_ReportBasicInfo_StageFixed_v029VRN1C41.parquet,VRN_ACTIVE_POINTER_BASICINFO,2026-06-15T15:18:32.033252,22b02f3a3b737c68445512f369d37ab8045daa0a
3d9cf4252122f0629878,50b8eb66211c,2025-12-05,,兆豐,,2021,,2021 TT,,,,,,,,,,,,STAGE_READY,C:\Users\tonyk\Downloads\VeritasIntelligenceAnalytics\dict\VDF\_active\VRN_BROKER_BACKFILL_GATE_v029VRN1C41_20260615_131852\stage_parquet\VRN_ReportBasicInfo_StageFixed_v029VRN1C41.parquet,VRN_ACTIVE_POINTER_BASICINFO,2026-06-15T15:18:32.033252,eaa030e9cdba572c3b8ea9031de2eb6d870f899f
49a3226d8a813a0070e1,e337b0a2e05d,2025-08-22,,國泰,,2021,,2021 TT,,買進,,,,,,,,,,STAGE_READY,C:\Users\tonyk\Downloads\VeritasIntelligenceAnalytics\dict\VDF\_active\VRN_BROKER_BACKFILL_GATE_v029VRN1C41_20260615_131852\stage_parquet\VRN_ReportBasicInfo_StageFixed_v029VRN1C41.parquet,VRN_ACTIVE_POINTER_BASICINFO,2026-06-15T15:18:32.033252,60bdc7cd205385418ca924b5508c3a848340cf17
1b8ca24580fd8cf76f3f,47a45bce6caa,2025-12-05,,兆豐,,2021,,2021 TT,,買進,,,,,,,,,,STAGE_READY,C:\Users\tonyk\Downloads\VeritasIntelligenceAnalytics\dict\VDF\_active\VRN_BROKER_BACKFILL_GATE_v029VRN1C41_20260615_131852\stage_parquet\VRN_ReportBasicInfo_StageFixed_v029VRN1C41.parquet,VRN_ACTIVE_POINTER_BASICINFO,2026-06-15T15:18:32.033252,aa8b9fca8b374380dc31c1550f17fbcf793aebae
ca1f2a8186806b23ce0b,fc9e9d1ffdf9,2025-11-28,,兆豐,,2021,,2021 TT,,買進,,,,,,,,,,STAGE_READY,C:\Users\tonyk\Downloads\VeritasIntelligenceAnalytics\dict\VDF\_active\VRN_BROKER_BACKFILL_GATE_v029VRN1C41_20260615_131852\stage_parquet\VRN_ReportBasicInfo_StageFixed_v029VRN1C41.parquet,VRN_ACTIVE_POINTER_BASICINFO,2026-06-15T15:18:32.033252,3c698ed5d1babff2b8fb8b14b43caffb23b1a256
2e089fe8b3a62d23953e,40f7ddbd20fe,2025-12-05,,凱基,,2021,,2021 TT,,,,,,,,,,,,STAGE_READY,C:\Users\tonyk\Downloads\VeritasIntelligenceAnalytics\dict\VDF\_active\VRN_BROKER_BACKFILL_GATE_v029VRN1C41_20260615_131852\stage_parquet\VRN_ReportBasicInfo_StageFixed_v029VRN1C41.parquet,VRN_ACTIVE_POINTER_BASICINFO,2026-06-15T15:18:32.033252,8009326d9b7a835afc2937b83952eba144671cb0
9da563de9a2136e33838,bb3578cff8f2,2025-12-03,,GS,,3661,,3661 TT,,Overweight,,,,,,,,,,STAGE_READY,C:\Users\tonyk\Downloads\VeritasIntelligenceAnalytics\dict\VDF\_active\VRN_BROKER_BACKFILL_GATE_v029VRN1C41_20260615_131852\stage_parquet\VRN_ReportBasicInfo_StageFixed_v029VRN1C41.parquet,VRN_ACTIVE_POINTER_BASICINFO,2026-06-15T15:18:32.033252,7f9f931af64c822de7639132b51a0790be0565bb
dc8979dc99503fd788ec,9db99ee86da3,2025-12-01,,華南,,2021,,2021 TT,,,,,,,,,,,,STAGE_READY,C:\Users\tonyk\Downloads\VeritasIntelligenceAnalytics\dict\VDF\_active\VRN_BROKER_BACKFILL_GATE_v029VRN1C41_20260615_131852\stage_parquet\VRN_ReportBasicInfo_StageFixed_v029VRN1C41.parquet,VRN_ACTIVE_POINTER_BASICINFO,2026-06-15T15:18:32.033252,15f7420d2310a552ed5d3b4f796f346ca574108c
eb6768905dd0d9fa8c3b,b94683a9c9e6,2023-10-05,,國泰,,2021,,2021 TT,,買進,,,,,,,,,,STAGE_READY,C:\Users\tonyk\Downloads\VeritasIntelligenceAnalytics\dict\VDF\_active\VRN_BROKER_BACKFILL_GATE_v029VRN1C41_20260615_131852\stage_parquet\VRN_ReportBasicInfo_StageFixed_v029VRN1C41.parquet,VRN_ACTIVE_POINTER_BASICINFO,2026-06-15T15:18:32.033252,19562872446f4963bdfa320750dce2a5e99bacfb
3d087c7564d6ba48ca49,144913c917d9,2025-08-19,,兆豐,,2021,,2021 TT,,買進,,,,,,,,,,STAGE_READY,C:\Users\tonyk\Downloads\VeritasIntelligenceAnalytics\dict\VDF\_active\VRN_BROKER_BACKFILL_GATE_v029VRN1C41_20260615_131852\stage_parquet\VRN_ReportBasicInfo_StageFixed_v029VRN1C41.parquet,VRN_ACTIVE_POINTER_BASICINFO,2026-06-15T15:18:32.033252,d4a8b9778679b667574d974c2f58099c675ff3e5
054b7ddb15daf788a4f3,b2ad7500c378,2025-12-08,,台新,,2021,,2021 TT,,,,,,,,,,,,STAGE_READY,C:\Users\tonyk\Downloads\VeritasIntelligenceAnalytics\dict\VDF\_active\VRN_BROKER_BACKFILL_GATE_v029VRN1C41_20260615_131852\stage_parquet\VRN_ReportBasicInfo_StageFixed_v029VRN1C41.parquet,VRN_ACTIVE_POINTER_BASICINFO,2026-06-15T15:18:32.033252,49279ed9d0269379470b98c9c962511fb796644e
b84e970140ea6253799f,9b2e442ba8ce,2025-12-05,,凱基,,2021,,2021 TT,,,,,,,,,,,,STAGE_READY,C:\Users\tonyk\Downloads\VeritasIntelligenceAnalytics\dict\VDF\_active\VRN_BROKER_BACKFILL_GATE_v029VRN1C41_20260615_131852\stage_parquet\VRN_ReportBasicInfo_StageFixed_v029VRN1C41.parquet,VRN_ACTIVE_POINTER_BASICINFO,2026-06-15T15:18:32.033252,fe72fc4fb705dc8b93247494a10d14d4cc2135c7
b9eb5710afcf113da57c,bec2e8821841,2025-09-12,,華南,,2021,,2021 TT,,買進,,,,,,,,,,STAGE_READY,C:\Users\tonyk\Downloads\VeritasIntelligenceAnalytics\dict\VDF\_active\VRN_BROKER_BACKFILL_GATE_v029VRN1C41_20260615_131852\stage_parquet\VRN_ReportBasicInfo_StageFixed_v029VRN1C41.parquet,VRN_ACTIVE_POINTER_BASICINFO,2026-06-15T15:18:32.033252,02b1f212f81d36a7aec55e14a84d79c96b2216e6
2cee86413731fa0d3598,482e52f26cf4,2026-05-10,,,,2021,,2021 TT,,,,,,,,,,,,STAGE_READY,C:\Users\tonyk\Downloads\VeritasIntelligenceAnalytics\dict\VDF\_active\VRN_BROKER_BACKFILL_GATE_v029VRN1C41_20260615_131852\stage_parquet\VRN_ReportBasicInfo_StageFixed_v029VRN1C41.parquet,VRN_ACTIVE_POINTER_BASICINFO,2026-06-15T15:18:32.033252,aa697b56ed32607b6d1e6298504504b61f678950
0e0ab65004e939040d9c,441f2413e0f8,2025-12-05,,凱基,,2021,,2021 TT,,,,,,,,,,,,STAGE_READY,C:\Users\tonyk\Downloads\VeritasIntelligenceAnalytics\dict\VDF\_active\VRN_BROKER_BACKFILL_GATE_v029VRN1C41_20260615_131852\stage_parquet\VRN_ReportBasicInfo_StageFixed_v029VRN1C41.parquet,VRN_ACTIVE_POINTER_BASICINFO,2026-06-15T15:18:32.033252,ce763b795f8215dcc089faa14de70e3347e3ff52
be92416a6b833b516b8c,cd1804f88763,2025-08-14,,華南,,2021,,2021 TT,,買進,,,,,,,,,,STAGE_READY,C:\Users\tonyk\Downloads\VeritasIntelligenceAnalytics\dict\VDF\_active\VRN_BROKER_BACKFILL_GATE_v029VRN1C41_20260615_131852\stage_parquet\VRN_ReportBasicInfo_StageFixed_v029VRN1C41.parquet,VRN_ACTIVE_POINTER_BASICINFO,2026-06-15T15:18:32.033252,b0e29c547b1beb5fd9c545b01b2cfe3cd244e34a
917ed6f50657b0b1c1c3,e6270450a0cb,2025-12-06,,,,2021,,2021 TT,,Neutral,,,,,,,,,,STAGE_READY,C:\Users\tonyk\Downloads\VeritasIntelligenceAnalytics\dict\VDF\_active\VRN_BROKER_BACKFILL_GATE_v029VRN1C41_20260615_131852\stage_parquet\VRN_ReportBasicInfo_StageFixed_v029VRN1C41.parquet,VRN_ACTIVE_POINTER_BASICINFO,2026-06-15T15:18:32.033252,3d72804adb5c68a052ce4d7184ffee345089b4c8
1720bbd003a79ef88401,bf5290ddaecf,2025-12-05,,凱基,,2021,,2021 TT,,,,,,,,,,,,STAGE_READY,C:\Users\tonyk\Downloads\VeritasIntelligenceAnalytics\dict\VDF\_active\VRN_BROKER_BACKFILL_GATE_v029VRN1C41_20260615_131852\stage_parquet\VRN_ReportBasicInfo_StageFixed_v029VRN1C41.parquet,VRN_ACTIVE_POINTER_BASICINFO,2026-06-15T15:18:32.033252,2703d9b7d056da4ac50d19152084005efd985ac3
fbfcd4700e5d5273a4b8,a9762ff02efe,2025-12-08,,GS,,2021,,2021 TT,,,,,,,,,,,,STAGE_READY,C:\Users\tonyk\Downloads\VeritasIntelligenceAnalytics\dict\VDF\_active\VRN_BROKER_BACKFILL_GATE_v029VRN1C41_20260615_131852\stage_parquet\VRN_ReportBasicInfo_StageFixed_v029VRN1C41.parquet,VRN_ACTIVE_POINTER_BASICINFO,2026-06-15T15:18:32.033252,054c0dbc94eba728cea50f4603e00948ee2d9511
54cc47cd01c9b2bfdffc,191e050f585d,2026-05-10,,,,2021,,2021 TT,,買進,,,,,,,,,,STAGE_READY,C:\Users\tonyk\Downloads\VeritasIntelligenceAnalytics\dict\VDF\_active\VRN_BROKER_BACKFILL_GATE_v029VRN1C41_20260615_131852\stage_parquet\VRN_ReportBasicInfo_StageFixed_v029VRN1C41.parquet,VRN_ACTIVE_POINTER_BASICINFO,2026-06-15T15:18:32.033252,3b5476d83d3cfe85212b5f60097d1fa686f6c9a9
1f7cea22595c07daf0fb,d99b55964a4b,2025-12-04,,GS,,2021,,2021 TT,,Neutral,,,,,,,,,,STAGE_READY,C:\Users\tonyk\Downloads\VeritasIntelligenceAnalytics\dict\VDF\_active\VRN_BROKER_BACKFILL_GATE_v029VRN1C41_20260615_131852\stage_parquet\VRN_ReportBasicInfo_StageFixed_v029VRN1C41.parquet,VRN_ACTIVE_POINTER_BASICINFO,2026-06-15T15:18:32.033252,2fa6ab4dc28cbe163d9918c1024e504f4672959e
4c637f2a5c5086e53bbd,73c0ed880dcd,2025-10-02,,GS,,2021,,2021 TT,,Hold,,,,,,,,,,STAGE_READY,C:\Users\tonyk\Downloads\VeritasIntelligenceAnalytics\dict\VDF\_active\VRN_BROKER_BACKFILL_GATE_v029VRN1C41_20260615_131852\stage_parquet\VRN_ReportBasicInfo_StageFixed_v029VRN1C41.parquet,VRN_ACTIVE_POINTER_BASICINFO,2026-06-15T15:18:32.033252,50af06a9e3147295e47ce3835ead841f7f4c3528
d34b70a1a34eef4c3de1,7f6338fb959d,2025-11-13,,華南,,2021,,2021 TT,,買進,,,,,,,,,,STAGE_READY,C:\Users\tonyk\Downloads\VeritasIntelligenceAnalytics\dict\VDF\_active\VRN_BROKER_BACKFILL_GATE_v029VRN1C41_20260615_131852\stage_parquet\VRN_ReportBasicInfo_StageFixed_v029VRN1C41.parquet,VRN_ACTIVE_POINTER_BASICINFO,2026-06-15T15:18:32.033252,af4d47d034bc3c3dacb4dfae97aaab97a528e632
eecdeb369e0c47614ba3,1ce8f7a19d5b,2025-09-09,,華南,,2021,,2021 TT,,買進,,,,,,,,,,STAGE_READY,C:\Users\tonyk\Downloads\VeritasIntelligenceAnalytics\dict\VDF\_active\VRN_BROKER_BACKFILL_GATE_v029VRN1C41_20260615_131852\stage_parquet\VRN_ReportBasicInfo_StageFixed_v029VRN1C41.parquet,VRN_ACTIVE_POINTER_BASICINFO,2026-06-15T15:18:32.033252,70338accd9197750a6ee23626084d3851da51623
57df79c264583580cf74,5f7e704cc4b9,2025-12-09,,統一,,2021,,2021 TT,,買進,,,,,,,,,,STAGE_READY,C:\Users\tonyk\Downloads\VeritasIntelligenceAnalytics\dict\VDF\_active\VRN_BROKER_BACKFILL_GATE_v029VRN1C41_20260615_131852\stage_parquet\VRN_ReportBasicInfo_StageFixed_v029VRN1C41.parquet,VRN_ACTIVE_POINTER_BASICINFO,2026-06-15T15:18:32.033252,bd53be0fd500b6b811cb621f2ce6ba786d6322ea
6086c7892046a3c0fb6a,c8bcf1de430d,2023-10-12,,Goldman,,2021,,2021 TT,,Buy,,,,,,,,,,STAGE_READY,C:\Users\tonyk\Downloads\VeritasIntelligenceAnalytics\dict\VDF\_active\VRN_BROKER_BACKFILL_GATE_v029VRN1C41_20260615_131852\stage_parquet\VRN_ReportBasicInfo_StageFixed_v029VRN1C41.parquet,VRN_ACTIVE_POINTER_BASICINFO,2026-06-15T15:18:32.033252,69c1b1d010715496646bd1c05dc10967e243cdfe
f3a3aff0332d58011f09,857093b8833a,2025-10-01,,GS,,2021,,2021 TT,,Hold,,,,,,,,,,STAGE_READY,C:\Users\tonyk\Downloads\VeritasIntelligenceAnalytics\dict\VDF\_active\VRN_BROKER_BACKFILL_GATE_v029VRN1C41_20260615_131852\stage_parquet\VRN_ReportBasicInfo_StageFixed_v029VRN1C41.parquet,VRN_ACTIVE_POINTER_BASICINFO,2026-06-15T15:18:32.033252,1bb4c14ce96b86a1e7ab8f3fd7aac781dda7c89a
59e9a7f7f8183b9c80b3,58894c919bfc,2025-12-04,,Goldman,,2021,,2021 TT,,Buy,,,,,,,,,,STAGE_READY,C:\Users\tonyk\Downloads\VeritasIntelligenceAnalytics\dict\VDF\_active\VRN_BROKER_BACKFILL_GATE_v029VRN1C41_20260615_131852\stage_parquet\VRN_ReportBasicInfo_StageFixed_v029VRN1C41.parquet,VRN_ACTIVE_POINTER_BASICINFO,2026-06-15T15:18:32.033252,b7473ef19d56cf6eb27d850912e3f7f079a67cca
734f09a7c707655e0237,0e3a7ffea317,2025-06-04,,Citi,,2021,,2021 TT,,Buy,,,,,,,,,,STAGE_READY,C:\Users\tonyk\Downloads\VeritasIntelligenceAnalytics\dict\VDF\_active\VRN_BROKER_BACKFILL_GATE_v029VRN1C41_20260615_131852\stage_parquet\VRN_ReportBasicInfo_StageFixed_v029VRN1C41.parquet,VRN_ACTIVE_POINTER_BASICINFO,2026-06-15T15:18:32.033252,813221b255898eb0ab067dc0e13eb80591041420
15929ca68594bd418df2,0243a54146b0,2025-11-26,,MS,,2021,,2021 TT,,Buy,,,,,,,,,,STAGE_READY,C:\Users\tonyk\Downloads\VeritasIntelligenceAnalytics\dict\VDF\_active\VRN_BROKER_BACKFILL_GATE_v029VRN1C41_20260615_131852\stage_parquet\VRN_ReportBasicInfo_StageFixed_v029VRN1C41.parquet,VRN_ACTIVE_POINTER_BASICINFO,2026-06-15T15:18:32.033252,7e6bde60f29ff82673faa557b081d465c119e99b
3484d555dc85d93419ae,d04a4946c88f,2023-10-11,,GS,,2021,,2021 TT,,Buy,,,,,,,,,,STAGE_READY,C:\Users\tonyk\Downloads\VeritasIntelligenceAnalytics\dict\VDF\_active\VRN_BROKER_BACKFILL_GATE_v029VRN1C41_20260615_131852\stage_parquet\VRN_ReportBasicInfo_StageFixed_v029VRN1C41.parquet,VRN_ACTIVE_POINTER_BASICINFO,2026-06-15T15:18:32.033252,0c568f98584904e499b1f066c706a274a17302fb
8415b08f7c7fe3013e9f,ee80f5489c73,2025-10-03,,JPM,,2021,,2021 TT,,Buy,,,,,,,,,,STAGE_READY,C:\Users\tonyk\Downloads\VeritasIntelligenceAnalytics\dict\VDF\_active\VRN_BROKER_BACKFILL_GATE_v029VRN1C41_20260615_131852\stage_parquet\VRN_ReportBasicInfo_StageFixed_v029VRN1C41.parquet,VRN_ACTIVE_POINTER_BASICINFO,2026-06-15T15:18:32.033252,8a1a05946a148751673e202d6060348091bccaae
d64c315a0b89d0586420,8bc5fab0f44d,2025-12-03,,Goldman,,2021,,2021 TT,,,,,,,,,,,,STAGE_READY,C:\Users\tonyk\Downloads\VeritasIntelligenceAnalytics\dict\VDF\_active\VRN_BROKER_BACKFILL_GATE_v029VRN1C41_20260615_131852\stage_parquet\VRN_ReportBasicInfo_StageFixed_v029VRN1C41.parquet,VRN_ACTIVE_POINTER_BASICINFO,2026-06-15T15:18:32.033252,46d4a16f371cc47ee40193b49b2fbc95264391a5
26e6c500bf4617b66170,3635a2681a48,2023-10-12,,Goldman,,2021,,2021 TT,,Buy,,,,,,,,,,STAGE_READY,C:\Users\tonyk\Downloads\VeritasIntelligenceAnalytics\dict\VDF\_active\VRN_BROKER_BACKFILL_GATE_v029VRN1C41_20260615_131852\stage_parquet\VRN_ReportBasicInfo_StageFixed_v029VRN1C41.parquet,VRN_ACTIVE_POINTER_BASICINFO,2026-06-15T15:18:32.033252,50f9324f5a64f60f380570cdc1a0ec166c49a76d
8e9151160c5e556f8f79,002075ad1390,2025-12-05,,Goldman,,2021,,2021 TT,,Buy,,,,,,,,,,STAGE_READY,C:\Users\tonyk\Downloads\VeritasIntelligenceAnalytics\dict\VDF\_active\VRN_BROKER_BACKFILL_GATE_v029VRN1C41_20260615_131852\stage_parquet\VRN_ReportBasicInfo_StageFixed_v029VRN1C41.parquet,VRN_ACTIVE_POINTER_BASICINFO,2026-06-15T15:18:32.033252,85a27c1087ef1eec1085c2458fded697367f78d5
5b33e2a67bdfd1359c09,9015d064e179,2025-11-30,,Goldman,,2021,,2021 TT,,Buy,,,,,,,,,,STAGE_READY,C:\Users\tonyk\Downloads\VeritasIntelligenceAnalytics\dict\VDF\_active\VRN_BROKER_BACKFILL_GATE_v029VRN1C41_20260615_131852\stage_parquet\VRN_ReportBasicInfo_StageFixed_v029VRN1C41.parquet,VRN_ACTIVE_POINTER_BASICINFO,2026-06-15T15:18:32.033252,f5daa328b04ff94a5c2aebec794687bdce69008a
bd24dc004365c7c3cdb9,60182f2345d3,2025-07-18,,GS,,2021,,2021 TT,,Overweight,,,,,,,,,,STAGE_READY,C:\Users\tonyk\Downloads\VeritasIntelligenceAnalytics\dict\VDF\_active\VRN_BROKER_BACKFILL_GATE_v029VRN1C41_20260615_131852\stage_parquet\VRN_ReportBasicInfo_StageFixed_v029VRN1C41.parquet,VRN_ACTIVE_POINTER_BASICINFO,2026-06-15T15:18:32.033252,5817cdde3327fa70cfd69eca072807b08b96f958
110ee02d84901ed493c5,415d87f21003,2025-12-02,,Morgan Stanley,,2021,,2021 TT,,Hold,,,,,,,,,,STAGE_READY,C:\Users\tonyk\Downloads\VeritasIntelligenceAnalytics\dict\VDF\_active\VRN_BROKER_BACKFILL_GATE_v029VRN1C41_20260615_131852\stage_parquet\VRN_ReportBasicInfo_StageFixed_v029VRN1C41.parquet,VRN_ACTIVE_POINTER_BASICINFO,2026-06-15T15:18:32.033252,3c99ce3a369d69218e7a11c6b7a3c8d5e1e402aa
29d2dd8242a1ae394195,2bdd74d5ad28,2025-12-02,,GS,,2021,,2021 TT,,Overweight,,,,,,,,,,STAGE_READY,C:\Users\tonyk\Downloads\VeritasIntelligenceAnalytics\dict\VDF\_active\VRN_BROKER_BACKFILL_GATE_v029VRN1C41_20260615_131852\stage_parquet\VRN_ReportBasicInfo_StageFixed_v029VRN1C41.parquet,VRN_ACTIVE_POINTER_BASICINFO,2026-06-15T15:18:32.033252,0daf8628bbfdd2221bc16b1d28d1ed2cc8f9e48b
1c99f9b98e5b87c40359,9fa64d802d5c,2025-11-28,,GS,,2021,,2021 TT,,Overweight,,,,,,,,,,STAGE_READY,C:\Users\tonyk\Downloads\VeritasIntelligenceAnalytics\dict\VDF\_active\VRN_BROKER_BACKFILL_GATE_v029VRN1C41_20260615_131852\stage_parquet\VRN_ReportBasicInfo_StageFixed_v029VRN1C41.parquet,VRN_ACTIVE_POINTER_BASICINFO,2026-06-15T15:18:32.033252,d13607d039d91e16b8617aae38684699ea1b054c
d3b2c046b34ba25f95a4,3d458444293e,2025-11-26,,Morgan Stanley,,2021,,2021 TT,,,,,,,,,,,,STAGE_READY,C:\Users\tonyk\Downloads\VeritasIntelligenceAnalytics\dict\VDF\_active\VRN_BROKER_BACKFILL_GATE_v029VRN1C41_20260615_131852\stage_parquet\VRN_ReportBasicInfo_StageFixed_v029VRN1C41.parquet,VRN_ACTIVE_POINTER_BASICINFO,2026-06-15T15:18:32.033252,eea295b252a4a7831e504d0166288b55e249fc3b
70ef5f5822bfc6ab6a95,4741003bf11f,2025-12-04,,GS,,2021,,2021 TT,,,,,,,,,,,,STAGE_READY,C:\Users\tonyk\Downloads\VeritasIntelligenceAnalytics\dict\VDF\_active\VRN_BROKER_BACKFILL_GATE_v029VRN1C41_20260615_131852\stage_parquet\VRN_ReportBasicInfo_StageFixed_v029VRN1C41.parquet,VRN_ACTIVE_POINTER_BASICINFO,2026-06-15T15:18:32.033252,de064a5c341c3a58c090fa126f44e708d94485de
a99d38b7df01ba1f6587,55c6a90bffa6,2025-10-07,,GS,,2021,,2021 TT,,Overweight,,,,,,,,,,STAGE_READY,C:\Users\tonyk\Downloads\VeritasIntelligenceAnalytics\dict\VDF\_active\VRN_BROKER_BACKFILL_GATE_v029VRN1C41_20260615_131852\stage_parquet\VRN_ReportBasicInfo_StageFixed_v029VRN1C41.parquet,VRN_ACTIVE_POINTER_BASICINFO,2026-06-15T15:18:32.033252,91549c14e89b4c09600c752668069727f9d288d7
b9c4445c43bfae00e471,012d1f99030a,2025-10-07,,Morgan Stanley,,2021,,2021 TT,,Equal-weight,,,,,,,,,,STAGE_READY,C:\Users\tonyk\Downloads\VeritasIntelligenceAnalytics\dict\VDF\_active\VRN_BROKER_BACKFILL_GATE_v029VRN1C41_20260615_131852\stage_parquet\VRN_ReportBasicInfo_StageFixed_v029VRN1C41.parquet,VRN_ACTIVE_POINTER_BASICINFO,2026-06-15T15:18:32.033252,14dffbcecba0feb13fcfc2cc478c05a2cd19e0a0
5bce82a205463a5d3811,bb3578cff8f2,2025-12-03,,GS,,2021,,2021 TT,,Overweight,,,,,,,,,,STAGE_READY,C:\Users\tonyk\Downloads\VeritasIntelligenceAnalytics\dict\VDF\_active\VRN_BROKER_BACKFILL_GATE_v029VRN1C41_20260615_131852\stage_parquet\VRN_ReportBasicInfo_StageFixed_v029VRN1C41.parquet,VRN_ACTIVE_POINTER_BASICINFO,2026-06-15T15:18:32.033252,c5d8ffa01c2d7145bcf5985ba8efc4412844224b
f7daeb1968d297539857,05fa351576f9,2025-10-07,,GS,,2021,,2021 TT,,,,,,,,,,,,STAGE_READY,C:\Users\tonyk\Downloads\VeritasIntelligenceAnalytics\dict\VDF\_active\VRN_BROKER_BACKFILL_GATE_v029VRN1C41_20260615_131852\stage_parquet\VRN_ReportBasicInfo_StageFixed_v029VRN1C41.parquet,VRN_ACTIVE_POINTER_BASICINFO,2026-06-15T15:18:32.033252,23338281ed5f95465782a3a29dc93572bbc2820d
f06b5b0da6571f9af184,a6222c3302ce,2025-12-08,,Morgan Stanley,,2021,,2021 TT,,Hold,,,,,,,,,,STAGE_READY,C:\Users\tonyk\Downloads\VeritasIntelligenceAnalytics\dict\VDF\_active\VRN_BROKER_BACKFILL_GATE_v029VRN1C41_20260615_131852\stage_parquet\VRN_ReportBasicInfo_StageFixed_v029VRN1C41.parquet,VRN_ACTIVE_POINTER_BASICINFO,2026-06-15T15:18:32.033252,d03ba438d90de7ee914a7dbdd5b4dd3e9a3ae9df
2ba6705fa46afce3083d,e337b0a2e05d,2025-08-22,,國泰,,3706,,3706 TT,,買進,,,,,,,,,,STAGE_READY,C:\Users\tonyk\Downloads\VeritasIntelligenceAnalytics\dict\VDF\_active\VRN_BROKER_BACKFILL_GATE_v029VRN1C41_20260615_131852\stage_parquet\VRN_ReportBasicInfo_StageFixed_v029VRN1C41.parquet,VRN_ACTIVE_POINTER_BASICINFO,2026-06-15T15:18:32.033252,0cf2ac8e5a8b626fc97e0a82c4724598c41948e3
8e8782998089112513b0,482e52f26cf4,2026-05-10,,,,6933,,6933 TT,,,,,,,,,,,,STAGE_READY,C:\Users\tonyk\Downloads\VeritasIntelligenceAnalytics\dict\VDF\_active\VRN_BROKER_BACKFILL_GATE_v029VRN1C41_20260615_131852\stage_parquet\VRN_ReportBasicInfo_StageFixed_v029VRN1C41.parquet,VRN_ACTIVE_POINTER_BASICINFO,2026-06-15T15:18:32.033252,2c0bd5b353020c1389e23cbd1a603ddc195dfa01
2a4cf9f47e6b00684ea1,fc9e9d1ffdf9,2025-11-28,,兆豐,,3706,,3706 TT,,買進,,,,,,,,,,STAGE_READY,C:\Users\tonyk\Downloads\VeritasIntelligenceAnalytics\dict\VDF\_active\VRN_BROKER_BACKFILL_GATE_v029VRN1C41_20260615_131852\stage_parquet\VRN_ReportBasicInfo_StageFixed_v029VRN1C41.parquet,VRN_ACTIVE_POINTER_BASICINFO,2026-06-15T15:18:32.033252,4e116ae9628e34b264dc3da85fc015ac74d69e6a
7162c830bd581c10551e,144913c917d9,2025-08-19,,兆豐,,6873,,6873 TT,,買進,,,,,,,,,,STAGE_READY,C:\Users\tonyk\Downloads\VeritasIntelligenceAnalytics\dict\VDF\_active\VRN_BROKER_BACKFILL_GATE_v029VRN1C41_20260615_131852\stage_parquet\VRN_ReportBasicInfo_StageFixed_v029VRN1C41.parquet,VRN_ACTIVE_POINTER_BASICINFO,2026-06-15T15:18:32.033252,bb4fb6ff0e7ca62f93378e2da2444fcdb7be591a
f07e6ddb9491c44f919a,bec2e8821841,2025-09-12,,華南,,2606,,2606 TT,,買進,,,,,,,,,,STAGE_READY,C:\Users\tonyk\Downloads\VeritasIntelligenceAnalytics\dict\VDF\_active\VRN_BROKER_BACKFILL_GATE_v029VRN1C41_20260615_131852\stage_parquet\VRN_ReportBasicInfo_StageFixed_v029VRN1C41.parquet,VRN_ACTIVE_POINTER_BASICINFO,2026-06-15T15:18:32.033252,32cdf7a11e1ae14da5e72b861df360a4f1babf90
f9a767488385899cbeca,a94cb47b17c1,2025-12-05,,GS,,2021,,2021 TT,,Buy,,,,,,,,,,STAGE_READY,C:\Users\tonyk\Downloads\VeritasIntelligenceAnalytics\dict\VDF\_active\VRN_BROKER_BACKFILL_GATE_v029VRN1C41_20260615_131852\stage_parquet\VRN_ReportBasicInfo_StageFixed_v029VRN1C41.parquet,VRN_ACTIVE_POINTER_BASICINFO,2026-06-15T15:18:32.033252,83460ec79aea29b783468a2a8a3687c144e302c5
96dcc7d327197b6e85c3,a647dd1af7a3,2025-12-04,,兆豐,,6768,,6768 TT,,買進,,,,,,,,,,STAGE_READY,C:\Users\tonyk\Downloads\VeritasIntelligenceAnalytics\dict\VDF\_active\VRN_BROKER_BACKFILL_GATE_v029VRN1C41_20260615_131852\stage_parquet\VRN_ReportBasicInfo_StageFixed_v029VRN1C41.parquet,VRN_ACTIVE_POINTER_BASICINFO,2026-06-15T15:18:32.033252,021f16fec2112dedec02bad3f0676522ede59f66
154e52a876c6834f83fb,b94683a9c9e6,2023-10-05,,國泰,,3014,,3014 TT,,買進,,,,,,,,,,STAGE_READY,C:\Users\tonyk\Downloads\VeritasIntelligenceAnalytics\dict\VDF\_active\VRN_BROKER_BACKFILL_GATE_v029VRN1C41_20260615_131852\stage_parquet\VRN_ReportBasicInfo_StageFixed_v029VRN1C41.parquet,VRN_ACTIVE_POINTER_BASICINFO,2026-06-15T15:18:32.033252,d81ff9d3a4310344d323414819178dff0d6a495f
6524197310ae8c3ac52d,cd1804f88763,2025-08-14,,華南,,2637,,2637 TT,,買進,,,,,,,,,,STAGE_READY,C:\Users\tonyk\Downloads\VeritasIntelligenceAnalytics\dict\VDF\_active\VRN_BROKER_BACKFILL_GATE_v029VRN1C41_20260615_131852\stage_parquet\VRN_ReportBasicInfo_StageFixed_v029VRN1C41.parquet,VRN_ACTIVE_POINTER_BASICINFO,2026-06-15T15:18:32.033252,2f6d3ff44fbf89bc69815c4272e4ff1b57dc470e
b2d84a95ffe456fcf9e9,9db99ee86da3,2025-12-01,,華南,,2026,,2026 TT,,,,,,,,,,,,STAGE_READY,C:\Users\tonyk\Downloads\VeritasIntelligenceAnalytics\dict\VDF\_active\VRN_BROKER_BACKFILL_GATE_v029VRN1C41_20260615_131852\stage_parquet\VRN_ReportBasicInfo_StageFixed_v029VRN1C41.parquet,VRN_ACTIVE_POINTER_BASICINFO,2026-06-15T15:18:32.033252,12b38622d1291f383a1c8df6d993e308d95ef1dc
d03b0a8e555d919fe858,002075ad1390,2025-12-05,,Goldman,,2317,,2317 TT,,Buy,,,,,,,,,,STAGE_READY,C:\Users\tonyk\Downloads\VeritasIntelligenceAnalytics\dict\VDF\_active\VRN_BROKER_BACKFILL_GATE_v029VRN1C41_20260615_131852\stage_parquet\VRN_ReportBasicInfo_StageFixed_v029VRN1C41.parquet,VRN_ACTIVE_POINTER_BASICINFO,2026-06-15T15:18:32.033252,e6c1124e61e738db4b85fbbf6e52a5fca68b91d1
3ea76b2dd0430d74b62e,e6270450a0cb,2025-12-06,,,,6533,,6533 TT,,Neutral,,,,,,,,,,STAGE_READY,C:\Users\tonyk\Downloads\VeritasIntelligenceAnalytics\dict\VDF\_active\VRN_BROKER_BACKFILL_GATE_v029VRN1C41_20260615_131852\stage_parquet\VRN_ReportBasicInfo_StageFixed_v029VRN1C41.parquet,VRN_ACTIVE_POINTER_BASICINFO,2026-06-15T15:18:32.033252,981d44bde3a4d37e31cf9570f9eea01c4935245e
46b9fa3108b99294204f,8bc5fab0f44d,2025-12-03,,Goldman,,1590,,1590 TT,,,,,,,,,,,,STAGE_READY,C:\Users\tonyk\Downloads\VeritasIntelligenceAnalytics\dict\VDF\_active\VRN_BROKER_BACKFILL_GATE_v029VRN1C41_20260615_131852\stage_parquet\VRN_ReportBasicInfo_StageFixed_v029VRN1C41.parquet,VRN_ACTIVE_POINTER_BASICINFO,2026-06-15T15:18:32.033252,f573bd1cff2a9e0be14afb7402698205c1879a72
6ff7e08b621a3d4d6084,191e050f585d,2026-05-10,,,,3006,,3006 TT,,買進,,,,,,,,,,STAGE_READY,C:\Users\tonyk\Downloads\VeritasIntelligenceAnalytics\dict\VDF\_active\VRN_BROKER_BACKFILL_GATE_v029VRN1C41_20260615_131852\stage_parquet\VRN_ReportBasicInfo_StageFixed_v029VRN1C41.parquet,VRN_ACTIVE_POINTER_BASICINFO,2026-06-15T15:18:32.033252,80b507081389b0bdf5963b3f806c35655f927f8d
dde2556a8a14ef66645c,857093b8833a,2025-10-01,,GS,,6669,,6669 TT,,Hold,,,,,,,,,,STAGE_READY,C:\Users\tonyk\Downloads\VeritasIntelligenceAnalytics\dict\VDF\_active\VRN_BROKER_BACKFILL_GATE_v029VRN1C41_20260615_131852\stage_parquet\VRN_ReportBasicInfo_StageFixed_v029VRN1C41.parquet,VRN_ACTIVE_POINTER_BASICINFO,2026-06-15T15:18:32.033252,a2e2e4e83b074f3fcffa077849cd7394ceecd793
008533cafe0ff6434f07,1ce8f7a19d5b,2025-09-09,,華南,,6143,,6143 TT,,買進,,,,,,,,,,STAGE_READY,C:\Users\tonyk\Downloads\VeritasIntelligenceAnalytics\dict\VDF\_active\VRN_BROKER_BACKFILL_GATE_v029VRN1C41_20260615_131852\stage_parquet\VRN_ReportBasicInfo_StageFixed_v029VRN1C41.parquet,VRN_ACTIVE_POINTER_BASICINFO,2026-06-15T15:18:32.033252,43662b205ed27933f5b8c6260fea11a06a0085d7
1045918281fcd16e27b4,0e3a7ffea317,2025-06-04,,Citi,,3231,,3231 TT,,Buy,,,,,,,,,,STAGE_READY,C:\Users\tonyk\Downloads\VeritasIntelligenceAnalytics\dict\VDF\_active\VRN_BROKER_BACKFILL_GATE_v029VRN1C41_20260615_131852\stage_parquet\VRN_ReportBasicInfo_StageFixed_v029VRN1C41.parquet,VRN_ACTIVE_POINTER_BASICINFO,2026-06-15T15:18:32.033252,73fc28928859c3fae8d89a938fe9c4edadcb434d
bfbdd36d471ae0f67c20,73c0ed880dcd,2025-10-02,,GS,,3653,,3653 TT,,Hold,,,,,,,,,,STAGE_READY,C:\Users\tonyk\Downloads\VeritasIntelligenceAnalytics\dict\VDF\_active\VRN_BROKER_BACKFILL_GATE_v029VRN1C41_20260615_131852\stage_parquet\VRN_ReportBasicInfo_StageFixed_v029VRN1C41.parquet,VRN_ACTIVE_POINTER_BASICINFO,2026-06-15T15:18:32.033252,ec4eb9cfc1a35fbf72a4d055c6c37566e049b13e
78e076ec92ec3eb66d45,7f6338fb959d,2025-11-13,,華南,,3017,,3017 TT,,買進,,,,,,,,,,STAGE_READY,C:\Users\tonyk\Downloads\VeritasIntelligenceAnalytics\dict\VDF\_active\VRN_BROKER_BACKFILL_GATE_v029VRN1C41_20260615_131852\stage_parquet\VRN_ReportBasicInfo_StageFixed_v029VRN1C41.parquet,VRN_ACTIVE_POINTER_BASICINFO,2026-06-15T15:18:32.033252,d860b225438e4ab7d6cc69b0f118d2bdd83806b8
250e628385ffd55f8f95,9015d064e179,2025-11-30,,Goldman,,3706,,3706 TT,,Buy,,,,,,,,,,STAGE_READY,C:\Users\tonyk\Downloads\VeritasIntelligenceAnalytics\dict\VDF\_active\VRN_BROKER_BACKFILL_GATE_v029VRN1C41_20260615_131852\stage_parquet\VRN_ReportBasicInfo_StageFixed_v029VRN1C41.parquet,VRN_ACTIVE_POINTER_BASICINFO,2026-06-15T15:18:32.033252,219d2480ccd04fcead8ed43af107a8539b91de0c
22ed25fa892111599c3d,a9762ff02efe,2025-12-08,,GS,,4171,,4171 TT,,,,,,,,,,,,STAGE_READY,C:\Users\tonyk\Downloads\VeritasIntelligenceAnalytics\dict\VDF\_active\VRN_BROKER_BACKFILL_GATE_v029VRN1C41_20260615_131852\stage_parquet\VRN_ReportBasicInfo_StageFixed_v029VRN1C41.parquet,VRN_ACTIVE_POINTER_BASICINFO,2026-06-15T15:18:32.033252,585e259251a116b2b748ce795f95a824d4d5aa32
0fdf3b3f7e4e3d3aa771,ee80f5489c73,2025-10-03,,JPM,,3653,,3653 TT,,Buy,,,,,,,,,,STAGE_READY,C:\Users\tonyk\Downloads\VeritasIntelligenceAnalytics\dict\VDF\_active\VRN_BROKER_BACKFILL_GATE_v029VRN1C41_20260615_131852\stage_parquet\VRN_ReportBasicInfo_StageFixed_v029VRN1C41.parquet,VRN_ACTIVE_POINTER_BASICINFO,2026-06-15T15:18:32.033252,42307bbbcd556da3ee9f927075b29dcd038099ab
511f7802ab146db31af7,c8bcf1de430d,2023-10-12,,Goldman,,1590,,1590 TT,,Buy,,,,,,,,,,STAGE_READY,C:\Users\tonyk\Downloads\VeritasIntelligenceAnalytics\dict\VDF\_active\VRN_BROKER_BACKFILL_GATE_v029VRN1C41_20260615_131852\stage_parquet\VRN_ReportBasicInfo_StageFixed_v029VRN1C41.parquet,VRN_ACTIVE_POINTER_BASICINFO,2026-06-15T15:18:32.033252,0c6bf5ff51d325ec308c3a38e24cabf9637f69c7
3b964bc46d177725a819,415d87f21003,2025-12-02,,Morgan Stanley,,3665,,3665 TT,,Hold,,,,,,,,,,STAGE_READY,C:\Users\tonyk\Downloads\VeritasIntelligenceAnalytics\dict\VDF\_active\VRN_BROKER_BACKFILL_GATE_v029VRN1C41_20260615_131852\stage_parquet\VRN_ReportBasicInfo_StageFixed_v029VRN1C41.parquet,VRN_ACTIVE_POINTER_BASICINFO,2026-06-15T15:18:32.033252,f529d93da67547dab9edd9950bcc347708be741e
88cdafd7a76c073d0ed6,d04a4946c88f,2023-10-11,,GS,,1319,,1319 TT,,Buy,,,,,,,,,,STAGE_READY,C:\Users\tonyk\Downloads\VeritasIntelligenceAnalytics\dict\VDF\_active\VRN_BROKER_BACKFILL_GATE_v029VRN1C41_20260615_131852\stage_parquet\VRN_ReportBasicInfo_StageFixed_v029VRN1C41.parquet,VRN_ACTIVE_POINTER_BASICINFO,2026-06-15T15:18:32.033252,15670b1d0b2e9a500b58019af7f0cd4bee54d418
7f8f7c03bb77b6eb39a2,bb3578cff8f2,2025-12-03,,GS,,3661,,3661 TT,,Overweight,,,,,,,,,,STAGE_READY,C:\Users\tonyk\Downloads\VeritasIntelligenceAnalytics\dict\VDF\_active\VRN_BROKER_BACKFILL_GATE_v029VRN1C41_20260615_131852\stage_parquet\VRN_ReportBasicInfo_StageFixed_v029VRN1C41.parquet,VRN_ACTIVE_POINTER_BASICINFO,2026-06-15T15:18:32.033252,4863412510646a13178d1bd941f8e64909d588ec
44d95b7343e3c9237cb4,60182f2345d3,2025-07-18,,GS,,2330,,2330 TT,,Overweight,,,,,,,,,,STAGE_READY,C:\Users\tonyk\Downloads\VeritasIntelligenceAnalytics\dict\VDF\_active\VRN_BROKER_BACKFILL_GATE_v029VRN1C41_20260615_131852\stage_parquet\VRN_ReportBasicInfo_StageFixed_v029VRN1C41.parquet,VRN_ACTIVE_POINTER_BASICINFO,2026-06-15T15:18:32.033252,c51a1f9a1b142a61560b689b25cf2faabacc4446
2a32ab829e43605bd7b7,3635a2681a48,2023-10-12,,Goldman,,2382,,2382 TT,,Buy,,,,,,,,,,STAGE_READY,C:\Users\tonyk\Downloads\VeritasIntelligenceAnalytics\dict\VDF\_active\VRN_BROKER_BACKFILL_GATE_v029VRN1C41_20260615_131852\stage_parquet\VRN_ReportBasicInfo_StageFixed_v029VRN1C41.parquet,VRN_ACTIVE_POINTER_BASICINFO,2026-06-15T15:18:32.033252,52cd670986320b66edc9feeedb8dc6e628b0f2da
0dc0869679c9968cd98b,012d1f99030a,2025-10-07,,Morgan Stanley,,6669,,6669 TT,,Equal-weight,,,,,,,,,,STAGE_READY,C:\Users\tonyk\Downloads\VeritasIntelligenceAnalytics\dict\VDF\_active\VRN_BROKER_BACKFILL_GATE_v029VRN1C41_20260615_131852\stage_parquet\VRN_ReportBasicInfo_StageFixed_v029VRN1C41.parquet,VRN_ACTIVE_POINTER_BASICINFO,2026-06-15T15:18:32.033252,19d5fa522d0ef46bd79e9cee26ff04ff83339c97
228495bd4b99d2cdd717,144913c917d9,2025-08-19,,兆豐,,2021,,2021 TT,,買進,,,,,,,,,,STAGE_READY,C:\Users\tonyk\Downloads\VeritasIntelligenceAnalytics\dict\VDF\_active\VRN_BROKER_BACKFILL_GATE_v029VRN1C41_20260615_131852\stage_parquet\VRN_ReportBasicInfo_StageFixed_v029VRN1C41.parquet,VRN_ACTIVE_POINTER_BASICINFO,2026-06-15T15:18:32.033252,9c46116e713b60f62e47b7b5c516d7b8b8401aa9
7efa839330a35d0c3290,9fa64d802d5c,2025-11-28,,GS,,2308,,2308 TT,,Overweight,,,,,,,,,,STAGE_READY,C:\Users\tonyk\Downloads\VeritasIntelligenceAnalytics\dict\VDF\_active\VRN_BROKER_BACKFILL_GATE_v029VRN1C41_20260615_131852\stage_parquet\VRN_ReportBasicInfo_StageFixed_v029VRN1C41.parquet,VRN_ACTIVE_POINTER_BASICINFO,2026-06-15T15:18:32.033252,928dd625c58800a3fc7c3cea03446b95dae7cdd9
c30ea076e2411295cff0,47a45bce6caa,2025-12-05,,兆豐,,2021,,2021 TT,,買進,,,,,,,,,,STAGE_READY,C:\Users\tonyk\Downloads\VeritasIntelligenceAnalytics\dict\VDF\_active\VRN_BROKER_BACKFILL_GATE_v029VRN1C41_20260615_131852\stage_parquet\VRN_ReportBasicInfo_StageFixed_v029VRN1C41.parquet,VRN_ACTIVE_POINTER_BASICINFO,2026-06-15T15:18:32.033252,6cebdf35208e86d8468445e792e67c64fd871364
43e262fe143f990790ab,2bdd74d5ad28,2025-12-02,,GS,,1590,,1590 TT,,Overweight,,,,,,,,,,STAGE_READY,C:\Users\tonyk\Downloads\VeritasIntelligenceAnalytics\dict\VDF\_active\VRN_BROKER_BACKFILL_GATE_v029VRN1C41_20260615_131852\stage_parquet\VRN_ReportBasicInfo_StageFixed_v029VRN1C41.parquet,VRN_ACTIVE_POINTER_BASICINFO,2026-06-15T15:18:32.033252,3dbbcfef278b5114c8a921b7dd0787b7681dbb49
da515dc76b1c67be19c7,55c6a90bffa6,2025-10-07,,GS,,8210,,8210 TT,,Overweight,,,,,,,,,,STAGE_READY,C:\Users\tonyk\Downloads\VeritasIntelligenceAnalytics\dict\VDF\_active\VRN_BROKER_BACKFILL_GATE_v029VRN1C41_20260615_131852\stage_parquet\VRN_ReportBasicInfo_StageFixed_v029VRN1C41.parquet,VRN_ACTIVE_POINTER_BASICINFO,2026-06-15T15:18:32.033252,dc89bea2cb8accf0a518d964afa46a6f24073541
153117c9a3cc743d34af,e337b0a2e05d,2025-08-22,,國泰,,2021,,2021 TT,,買進,,,,,,,,,,STAGE_READY,C:\Users\tonyk\Downloads\VeritasIntelligenceAnalytics\dict\VDF\_active\VRN_BROKER_BACKFILL_GATE_v029VRN1C41_20260615_131852\stage_parquet\VRN_ReportBasicInfo_StageFixed_v029VRN1C41.parquet,VRN_ACTIVE_POINTER_BASICINFO,2026-06-15T15:18:32.033252,5b901d8e1de1b3d950192f7db812c45107684792
84344e43dfac622dc92b,a647dd1af7a3,2025-12-04,,兆豐,,2021,,2021 TT,,買進,,,,,,,,,,STAGE_READY,C:\Users\tonyk\Downloads\VeritasIntelligenceAnalytics\dict\VDF\_active\VRN_BROKER_BACKFILL_GATE_v029VRN1C41_20260615_131852\stage_parquet\VRN_ReportBasicInfo_StageFixed_v029VRN1C41.parquet,VRN_ACTIVE_POINTER_BASICINFO,2026-06-15T15:18:32.033252,0f944f2b5409452150dc5844db53992d3744e0c0
b0963ee90823c72efa39,bf5290ddaecf,2025-12-05,,凱基,,2021,,2021 TT,,,,,,,,,,,,STAGE_READY,C:\Users\tonyk\Downloads\VeritasIntelligenceAnalytics\dict\VDF\_active\VRN_BROKER_BACKFILL_GATE_v029VRN1C41_20260615_131852\stage_parquet\VRN_ReportBasicInfo_StageFixed_v029VRN1C41.parquet,VRN_ACTIVE_POINTER_BASICINFO,2026-06-15T15:18:32.033252,6e50fb933e7f2e6e1f2499740536e7f0d9db640f
3bf6bd50d07e39e7ea88,fc9e9d1ffdf9,2025-11-28,,兆豐,,2021,,2021 TT,,買進,,,,,,,,,,STAGE_READY,C:\Users\tonyk\Downloads\VeritasIntelligenceAnalytics\dict\VDF\_active\VRN_BROKER_BACKFILL_GATE_v029VRN1C41_20260615_131852\stage_parquet\VRN_ReportBasicInfo_StageFixed_v029VRN1C41.parquet,VRN_ACTIVE_POINTER_BASICINFO,2026-06-15T15:18:32.033252,687b9bb87c5575ac3f96378f8dc75f08c290db9d
c629e74554cfe7c7e03b,9b2e442ba8ce,2025-12-05,,凱基,,2021,,2021 TT,,,,,,,,,,,,STAGE_READY,C:\Users\tonyk\Downloads\VeritasIntelligenceAnalytics\dict\VDF\_active\VRN_BROKER_BACKFILL_GATE_v029VRN1C41_20260615_131852\stage_parquet\VRN_ReportBasicInfo_StageFixed_v029VRN1C41.parquet,VRN_ACTIVE_POINTER_BASICINFO,2026-06-15T15:18:32.033252,b5161f3fa5354754d6e7919ba405af1dfaee865d
235223fff88779867e7c,9db99ee86da3,2025-12-01,,華南,,2021,,2021 TT,,,,,,,,,,,,STAGE_READY,C:\Users\tonyk\Downloads\VeritasIntelligenceAnalytics\dict\VDF\_active\VRN_BROKER_BACKFILL_GATE_v029VRN1C41_20260615_131852\stage_parquet\VRN_ReportBasicInfo_StageFixed_v029VRN1C41.parquet,VRN_ACTIVE_POINTER_BASICINFO,2026-06-15T15:18:32.033252,035ee81dfc848ea47c5a692fd95e009537e9dee3
cdb4d7cd25ff68c2733f,50b8eb66211c,2025-12-05,,兆豐,,2021,,2021 TT,,,,,,,,,,,,STAGE_READY,C:\Users\tonyk\Downloads\VeritasIntelligenceAnalytics\dict\VDF\_active\VRN_BROKER_BACKFILL_GATE_v029VRN1C41_20260615_131852\stage_parquet\VRN_ReportBasicInfo_StageFixed_v029VRN1C41.parquet,VRN_ACTIVE_POINTER_BASICINFO,2026-06-15T15:18:32.033252,db21f82b4a38c833c5428b2e961d23b85d26ed04
31f590e65a33e89d8f77,b2ad7500c378,2025-12-08,,台新,,2021,,2021 TT,,,,,,,,,,,,STAGE_READY,C:\Users\tonyk\Downloads\VeritasIntelligenceAnalytics\dict\VDF\_active\VRN_BROKER_BACKFILL_GATE_v029VRN1C41_20260615_131852\stage_parquet\VRN_ReportBasicInfo_StageFixed_v029VRN1C41.parquet,VRN_ACTIVE_POINTER_BASICINFO,2026-06-15T15:18:32.033252,0dbd623d42ffab98c01a430624712f7b11c7f3c8
80c30dd98274406e645e,bec2e8821841,2025-09-12,,華南,,2021,,2021 TT,,買進,,,,,,,,,,STAGE_READY,C:\Users\tonyk\Downloads\VeritasIntelligenceAnalytics\dict\VDF\_active\VRN_BROKER_BACKFILL_GATE_v029VRN1C41_20260615_131852\stage_parquet\VRN_ReportBasicInfo_StageFixed_v029VRN1C41.parquet,VRN_ACTIVE_POINTER_BASICINFO,2026-06-15T15:18:32.033252,cb9263fe7866b3acf77dddce264f5b01ce8cca41
e88919df434cab4a1612,40f7ddbd20fe,2025-12-05,,凱基,,2021,,2021 TT,,,,,,,,,,,,STAGE_READY,C:\Users\tonyk\Downloads\VeritasIntelligenceAnalytics\dict\VDF\_active\VRN_BROKER_BACKFILL_GATE_v029VRN1C41_20260615_131852\stage_parquet\VRN_ReportBasicInfo_StageFixed_v029VRN1C41.parquet,VRN_ACTIVE_POINTER_BASICINFO,2026-06-15T15:18:32.033252,806a7376dd03f3500827b5a7f15fb24e7a68bfa7
29abe8a7ffd41507709e,b94683a9c9e6,2023-10-05,,國泰,,2021,,2021 TT,,買進,,,,,,,,,,STAGE_READY,C:\Users\tonyk\Downloads\VeritasIntelligenceAnalytics\dict\VDF\_active\VRN_BROKER_BACKFILL_GATE_v029VRN1C41_20260615_131852\stage_parquet\VRN_ReportBasicInfo_StageFixed_v029VRN1C41.parquet,VRN_ACTIVE_POINTER_BASICINFO,2026-06-15T15:18:32.033252,8e2cc7cdbfbf5b39d601c5ddc76ac199f8fcb59d
a31d9a7cea4be7237751,441f2413e0f8,2025-12-05,,凱基,,2021,,2021 TT,,,,,,,,,,,,STAGE_READY,C:\Users\tonyk\Downloads\VeritasIntelligenceAnalytics\dict\VDF\_active\VRN_BROKER_BACKFILL_GATE_v029VRN1C41_20260615_131852\stage_parquet\VRN_ReportBasicInfo_StageFixed_v029VRN1C41.parquet,VRN_ACTIVE_POINTER_BASICINFO,2026-06-15T15:18:32.033252,2ea26b5c6ac9a39637532cfdadadcf7cf5698de1
7128128cbbbeac50c203,7f6338fb959d,2025-11-13,,華南,,2021,,2021 TT,,買進,,,,,,,,,,STAGE_READY,C:\Users\tonyk\Downloads\VeritasIntelligenceAnalytics\dict\VDF\_active\VRN_BROKER_BACKFILL_GATE_v029VRN1C41_20260615_131852\stage_parquet\VRN_ReportBasicInfo_StageFixed_v029VRN1C41.parquet,VRN_ACTIVE_POINTER_BASICINFO,2026-06-15T15:18:32.033252,725a296c9d7f3536e424b2ee21d121ffbc650ac6
95f64e615bf4eceb54db,e6270450a0cb,2025-12-06,,,,2021,,2021 TT,,Neutral,,,,,,,,,,STAGE_READY,C:\Users\tonyk\Downloads\VeritasIntelligenceAnalytics\dict\VDF\_active\VRN_BROKER_BACKFILL_GATE_v029VRN1C41_20260615_131852\stage_parquet\VRN_ReportBasicInfo_StageFixed_v029VRN1C41.parquet,VRN_ACTIVE_POINTER_BASICINFO,2026-06-15T15:18:32.033252,b2685091fd77c58c008be24121f9571562de22ed
a58e3558a90c165e769f,482e52f26cf4,2026-05-10,,,,2021,,2021 TT,,,,,,,,,,,,STAGE_READY,C:\Users\tonyk\Downloads\VeritasIntelligenceAnalytics\dict\VDF\_active\VRN_BROKER_BACKFILL_GATE_v029VRN1C41_20260615_131852\stage_parquet\VRN_ReportBasicInfo_StageFixed_v029VRN1C41.parquet,VRN_ACTIVE_POINTER_BASICINFO,2026-06-15T15:18:32.033252,c9e1991cdb38fa3856172c9e4145525eeea42743
2d9ba041eaf00ae94475,0243a54146b0,2025-11-26,,MS,,2021,,2021 TT,,Buy,,,,,,,,,,STAGE_READY,C:\Users\tonyk\Downloads\VeritasIntelligenceAnalytics\dict\VDF\_active\VRN_BROKER_BACKFILL_GATE_v029VRN1C41_20260615_131852\stage_parquet\VRN_ReportBasicInfo_StageFixed_v029VRN1C41.parquet,VRN_ACTIVE_POINTER_BASICINFO,2026-06-15T15:18:32.033252,b0f7f61756c18b2cb9d06d3578a7735012827cbc
df02cbeb76e55828a005,cd1804f88763,2025-08-14,,華南,,2021,,2021 TT,,買進,,,,,,,,,,STAGE_READY,C:\Users\tonyk\Downloads\VeritasIntelligenceAnalytics\dict\VDF\_active\VRN_BROKER_BACKFILL_GATE_v029VRN1C41_20260615_131852\stage_parquet\VRN_ReportBasicInfo_StageFixed_v029VRN1C41.parquet,VRN_ACTIVE_POINTER_BASICINFO,2026-06-15T15:18:32.033252,c4e117f499465a15e6d99d8750fd9353aec9ecd2
cc4557299537d4b22cf1,0e3a7ffea317,2025-06-04,,Citi,,2021,,2021 TT,,Buy,,,,,,,,,,STAGE_READY,C:\Users\tonyk\Downloads\VeritasIntelligenceAnalytics\dict\VDF\_active\VRN_BROKER_BACKFILL_GATE_v029VRN1C41_20260615_131852\stage_parquet\VRN_ReportBasicInfo_StageFixed_v029VRN1C41.parquet,VRN_ACTIVE_POINTER_BASICINFO,2026-06-15T15:18:32.033252,acbd6f6eed16cc2dd6f2b2f53de7bb013a6c53c0
c432ab969bb787c78ecb,1ce8f7a19d5b,2025-09-09,,華南,,2021,,2021 TT,,買進,,,,,,,,,,STAGE_READY,C:\Users\tonyk\Downloads\VeritasIntelligenceAnalytics\dict\VDF\_active\VRN_BROKER_BACKFILL_GATE_v029VRN1C41_20260615_131852\stage_parquet\VRN_ReportBasicInfo_StageFixed_v029VRN1C41.parquet,VRN_ACTIVE_POINTER_BASICINFO,2026-06-15T15:18:32.033252,85a882ca84b8d4b89d1761b2399c63253e99910a
9cd752a0ce26d9b502f8,857093b8833a,2025-10-01,,GS,,2021,,2021 TT,,Hold,,,,,,,,,,STAGE_READY,C:\Users\tonyk\Downloads\VeritasIntelligenceAnalytics\dict\VDF\_active\VRN_BROKER_BACKFILL_GATE_v029VRN1C41_20260615_131852\stage_parquet\VRN_ReportBasicInfo_StageFixed_v029VRN1C41.parquet,VRN_ACTIVE_POINTER_BASICINFO,2026-06-15T15:18:32.033252,e33ffb7b7e81d501274be7d1745c0593addefaee
8da2020c95b761d25755,191e050f585d,2026-05-10,,,,2021,,2021 TT,,買進,,,,,,,,,,STAGE_READY,C:\Users\tonyk\Downloads\VeritasIntelligenceAnalytics\dict\VDF\_active\VRN_BROKER_BACKFILL_GATE_v029VRN1C41_20260615_131852\stage_parquet\VRN_ReportBasicInfo_StageFixed_v029VRN1C41.parquet,VRN_ACTIVE_POINTER_BASICINFO,2026-06-15T15:18:32.033252,ecffcd2222e90ae9cbc516f2f645a47afa494bae
9890fb9f6a05d5e1ba24,73c0ed880dcd,2025-10-02,,GS,,2021,,2021 TT,,Hold,,,,,,,,,,STAGE_READY,C:\Users\tonyk\Downloads\VeritasIntelligenceAnalytics\dict\VDF\_active\VRN_BROKER_BACKFILL_GATE_v029VRN1C41_20260615_131852\stage_parquet\VRN_ReportBasicInfo_StageFixed_v029VRN1C41.parquet,VRN_ACTIVE_POINTER_BASICINFO,2026-06-15T15:18:32.033252,abdec003f0d6062a386a0884bb390e14f567061d
488e851eb8f713fa311f,d99b55964a4b,2025-12-04,,GS,,2021,,2021 TT,,Neutral,,,,,,,,,,STAGE_READY,C:\Users\tonyk\Downloads\VeritasIntelligenceAnalytics\dict\VDF\_active\VRN_BROKER_BACKFILL_GATE_v029VRN1C41_20260615_131852\stage_parquet\VRN_ReportBasicInfo_StageFixed_v029VRN1C41.parquet,VRN_ACTIVE_POINTER_BASICINFO,2026-06-15T15:18:32.033252,f5915ecd2745d49532c4c71235db006dd6a6d956
